1,2,3,4,5,6,7,8,9,10,11,12,13,14,15,16,17,18,19,20,21,22,23,24,25,26,27,28,29,30,31,32,33,34,35,36,37,38,39,40,41,42,43,44,45,46,47,48,49,50,51,52,53,54,55,56,57,58,59,60,61,62,63,64,65,66,67,68,69,70,71,72,73,74,75,76,77,78,79,80,81,82,83,84,85,86,87,88,89,90,91,92,93,94,95,96,97,98,99,100,101,102,103,104,105,106,107,108,109,110,111,112,113,114,115,116,117,118,119,120,121,122,123,124,125,126,127,128,129,130,131,132,133,134,135,136,137,138,139,140,141,142,143,144,145,146,147,148,149,150,151,152,153,154,155,156,157,158,159,160,161,162,163,164,165,166,167,168,169,170,171,172,173,174,175,176,177,178,179,180,181,182,183,184,185,186,187,188,189,190,191,192,193,194,195,196,197,198,199,200,201,202,203,204,205,206,207,208,209,210,211,212,213,214,215,216,217,218,219,220,221,222,223,224,225,226,227,228,229,230,231,232,233,234,235,236,237,238,239,240,241,242,243,244,245,246,247,248,249,250,251,252,253,254,255,256,257,258,259,260,261,262,263,264,265,266,267,268,269,270,271,272,273,274,275,276,277,278,279,280,281,282,283,284,285,286,287,288,289,290,291,292,293,294,295,296,297,298,299,300,301,302,303,304,305,306,307,308,309,310,311,312,313,314,315,316,317,318,319,320,321,322,323,324,325,326,327,328,329,330,331,332,333,334,335,336,337,338,339,340,341,342,343,344,345,346,347,348,349,350,351,352,353,354,355,356,357,358,359,360,361,362,363,364,365,366,367,368,369,370,371,372,373,374,375,376,377,378,379,380,381,382,383,384,385,386,387,388,389,390,391,392,393,394,395,396,397,398,399,400,401,402,403,404,405,406,407,408,409,410,411,412,413,414,415,416,417,418,419,420,421,422,423,424,425,426,427,428,429,430,431,432,433,434,435,436,437,438,439,440,441,442,443,444,445,446,447,448,449,450,451,452,453,454,455,456,457,458,459,460,461,462,463,464,465,466,467,468,469,470,471,472,473,474,475,476,477,478,479,480,481,482,483,484,485,486,487,488,489,490,491,492,493,494,495,496,497,498,499,500,501,502,503,504,505,506,507,508,509,510,511,512,513,514,515,516,517,518,519,520,521,522,523,524,525,526,527,528,529,530,531,532,533,534,535,536,537,538,539,540,541,542,543,544,545,546,547,548,549,550,551,552,553,554,555,556,557,558,559,560,561,562,563,564,565,566,567,568,569,570,571,572,573,574,575,576,577,578,579,580,581,582,583,584,585,586,587,588,589,590,591,592,593,594,595,596,597,598,599,600,601,602,603,604,605,606,607,608,609,610,611,612,613,614,615,616,617,618,619,620,621,622,623,624,625,626,627,628,629,630,631,632,633,634,635,636,637,638,639,640,641,642,643,644,645,646,647,648,649,650,651,652,653,654,655,656,657,658,659,660,661,662,663,664,665,666,667,668,669,670,671,672,673,674,675,676,677,678,679,680,681,682,683,684,685,686,687,688,689,690,691,692,693,694,695,696,697,698,699,700,701,702,703,704,705,706,707,708,709,710,711,712,713,714,715,716,717,718,719,720,721,722,723,724,725,726,727,728,729,730,731,732,733,734,735,736,737,738,739,740,741,742,743,744,745,746,747,748,749,750,751,752,753,754,755,756,757,758,759,760,761,762,763,764,765,766,767,768,769,770,771,772,773,774,775,776,777,778,779,780,781,782,783,784,785,786,787,788,789,790,791,792,793,794,795,796,797,798,799,800,801,802,803,804,805,806,807,808,809,810,811,812,813,814,815,816,817,818,819,820,821,822,823,824,825,826,827,828,829,830,831,832,833,834,835,836,837,838,839,840,841,842,843,844,845,846,847,848,849,850,851,852,853,854,855,856,857,858,859,860,861,862,863,864,865,866,867,868,869,870,871,872,873,874,875,876,877,878,879,880,881,882,883,884,885,886,887,888,889,890,891,892,893,894,895,896,897,898,899,900,901,902,903,904,905,906,907,908,909,910,911,912,913,914,915,916,917,918,919,920,921,922,923,924,925,926,927,928,929,930,931,932,933,934,935,936,937,938,939,940,941,942,943,944,945,946,947,948,949,950,951,952,953,954,955,956,957,958,959,960,961,962,963,964,965,966,967,968,969,970,971,972,973,974,975,976,977,978,979,980,981,982,983,984,985,986,987,988,989,990,991,992,993,994,995,996,997,998,999,1000,1001,1002,1003,1004,1005,1006,1007,1008,1009,1010,1011,1012,1013,1014,1015,1016,1017,1018,1019,1020,1021,1022,1023,1024,1025,1026,1027,1028,1029,1030,1031,1032,1033,1034,1035,1036,1037,1038,1039,1040,1041,1042,1043,1044,1045,1046,1047,1048,1049,1050,1051,1052,1053,1054,1055,1056,1057,1058,1059,1060,1061,1062,1063,1064,1065,1066,1067,1068,1069,1070,1071,1072,1073,1074,1075,1076,1077,1078,1079,1080,1081,1082,1083,1084,1085,1086,1087,1088,1089,1090,1091,1092,1093,1094,1095,1096,1097,1098,1099,1100,1101,1102,1103,1104,1105,1106,1107,1108,1109,1110,1111,1112,1113,1114,1115,1116,1117,1118,1119,1120,1121,1122,1123,1124,1125,1126,1127,1128,1129,1130,1131,1132,1133,1134,1135,1136,1137,1138,1139,1140,1141,1142,1143,1144,1145,1146,1147,1148,1149,1150,1151,1152,1153,1154,1155,1156,1157,1158,1159,1160,1161,1162,1163,1164,1165,1166,1167,1168,1169,1170,1171,1172,1173,1174,1175,1176,1177,1178,1179,1180,1181,1182,1183,1184,1185,1186,1187,1188,1189,1190,1191,1192,1193,1194,1195,1196,1197,1198,1199,1200,1201,1202,1203,1204,1205,1206,1207,1208,1209,1210,1211,1212,1213,1214,1215,1216,1217,1218,1219,1220,1221,1222,1223,1224,1225,1226,1227,1228,1229,1230,1231,1232,1233,1234,1235,1236,1237,1238,1239,1240,1241,1242,1243,1244,1245,1246,1247,1248,1249,1250,1251,1252,1253,1254,1255,1256,1257,1258,1259,1260,1261,1262,1263,1264,1265,1266,1267,1268,1269,1270,1271,1272,1273,1274,1275,1276,1277,1278,1279,1280,1281,1282,1283,1284,1285,1286,1287,1288,1289,1290,1291,1292,1293,1294,1295,1296,1297,1298,1299,1300,1301,1302,1303,1304,1305,1306,1307,1308,1309,1310,1311,1312,1313,1314,1315,1316,1317,1318,1319,1320,1321,1322,1323,1324,1325,1326,1327,1328,1329,1330,1331,1332,1333,1334,1335,1336,1337,1338,1339,1340,1341,1342,1343,1344,1345,1346,1347,1348,1349,1350,1351,1352,1353,1354,1355,1356,1357,1358,1359,1360,1361,1362,1363,1364,1365,1366,1367,1368,1369,1370,1371,1372,1373,1374,1375,1376,1377,1378,1379,1380,1381,1382,1383,1384,1385,1386,1387,1388,1389,1390,1391,1392,1393,1394,1395,1396,1397,1398,1399,1400,1401,1402,1403,1404,1405,1406,1407,1408,1409,1410,1411,1412,1413,1414,1415,1416,1417,1418,1419,1420,1421,1422,1423,1424,1425,1426,1427,1428,1429,1430,1431,1432,1433,1434,1435,1436,1437,1438,1439,1440,1441,1442,1443,1444,1445,1446,1447,1448,1449,1450,1451,1452,1453,1454,1455,1456,1457,1458,1459,1460,1461,1462,1463,1464,1465,1466,1467,1468,1469,1470,1471,1472,1473,1474,1475,1476,1477,1478,1479,1480,1481,1482,1483,1484,1485,1486,1487,1488,1489,1490,1491,1492,1493,1494,1495,1496,1497,1498,1499,1500,1501,1502,1503,1504,1505,1506,1507,1508,1509,1510,1511,1512,1513,1514,1515,1516,1517,1518,1519,1520,1521,1522,1523,1524,1525,1526,1527,1528,1529,1530,1531,1532,1533,1534,1535,1536,1537,1538,1539,1540,1541,1542,1543,1544,1545,1546,1547,1548,1549,1550,1551,1552,1553,1554,1555,1556,1557,1558,1559,1560,1561,1562,1563,1564,1565,1566,1567,1568,1569,1570,1571,1572,1573,1574,1575,1576,1577,1578,1579,1580,1581,1582,1583,1584,1585,1586,1587,1588,1589,1590,1591,1592,1593,1594,1595,1596,1597,1598,1599,1600,1601,1602,1603,1604,1605,1606,1607,1608,1609,1610,1611,1612,1613,1614,1615,1616,1617,1618,1619,1620,1621,1622,1623,1624,1625,1626,1627,1628,1629,1630,1631,1632,1633,1634,1635,1636,1637,1638,1639,1640,1641,1642,1643,1644,1645,1646,1647,1648,1649,1650,1651,1652,1653,1654,1655,1656,1657,1658,1659,1660,1661,1662,1663,1664,1665,1666,1667,1668,1669,1670,1671,1672,1673,1674,1675,1676,1677,1678,1679,1680,1681,1682,1683,1684,1685,1686,1687,1688,1689,1690,1691,1692,1693,1694,1695,1696,1697,1698,1699,1700,1701,1702,1703,1704,1705,1706,1707,1708,1709,1710,1711,1712,1713,1714,1715,1716,1717,1718,1719,1720,1721,1722,1723,1724,1725,1726,1727,1728,1729,1730,1731,1732,1733,1734,1735,1736,1737,1738,1739,1740,1741,1742,1743,1744,1745,1746,1747,1748,1749,1750,1751,1752,1753,1754,1755,1756,1757,1758,1759,1760,1761,1762,1763,1764,1765,1766,1767,1768,1769,1770,1771,1772,1773,1774,1775,1776,1777,1778,1779,1780,1781,1782,1783,1784,1785,1786,1787,1788,1789,1790,1791,1792,1793,1794,1795,1796,1797,1798,1799,1800,1801,1802,1803,1804,1805,1806,1807,1808,1809,1810,1811,1812,1813,1814,1815,1816,1817,1818,1819,1820,1821,1822,1823,1824,1825,1826,1827,1828,1829,1830,1831,1832,1833,1834,1835,1836,1837,1838,1839,1840,1841,1842,1843,1844,1845,1846,1847,1848,1849,1850,1851,1852,1853,1854,1855,1856,1857,1858,1859,1860,1861,1862,1863,1864,1865,1866,1867,1868,1869,1870,1871,1872,1873,1874,1875,1876,1877,1878,1879,1880,1881,1882,1883,1884,1885,1886,1887,1888,1889,1890,1891,1892,1893,1894,1895,1896,1897,1898,1899,1900,1901,1902,1903,1904,1905,1906,1907,1908,1909,1910,1911,1912,1913,1914,1915,1916,1917,1918,1919,1920,1921,1922,1923,1924,1925,1926,1927,1928,1929,1930,1931,1932,1933,1934,1935,1936,1937,1938,1939,1940,1941,1942,1943,1944,1945,1946,1947,1948,1949,1950,1951,1952,1953,1954,1955,1956,1957,1958,1959,1960,1961,1962,1963,1964,1965,1966,1967,1968,1969,1970,1971,1972,1973,1974,1975,1976,1977,1978,1979,1980,1981,1982,1983,1984,1985,1986,1987,1988,1989,1990,1991,1992,1993,1994,1995,1996,1997,1998,1999,2000,2001,2002,2003,2004,2005,2006,2007,2008,2009,2010,2011,2012,2013,2014,2015,2016,2017,2018,2019,2020,2021,2022,2023,2024,2025,2026,2027,2028,2029,2030,2031,2032,2033,2034,2035,2036,2037,2038,2039,2040,2041,2042,2043,2044,2045,2046,2047,2048,2049,2050,2051,2052,2053,2054,2055,2056,2057,2058,2059,2060,2061,2062,2063,2064,2065,2066,2067,2068,2069,2070,2071,2072,2073,2074,2075,2076,2077,2078,2079,2080,2081,2082,2083,2084,2085,2086,2087,2088,2089,2090,2091,2092,2093,2094,2095,2096,2097,2098,2099,2100,2101,2102,2103,2104,2105,2106,2107,2108,2109,2110,2111,2112,2113,2114,2115,2116,2117,2118,2119,2120,2121,2122,2123,2124,2125,2126,2127,2128,2129,2130,2131,2132,2133,2134,2135,2136,2137,2138,2139,2140,2141,2142,2143,2144,2145,2146,2147,2148,2149,2150,2151,2152,2153,2154,2155,2156,2157,2158,2159,2160,2161,2162,2163,2164,2165,2166,2167,2168,2169,2170,2171,2172,2173,2174,2175,2176,2177,2178,2179,2180,2181,2182,2183,2184,2185,2186,2187,2188,2189,2190,2191,2192,2193,2194,2195,2196,2197,2198,2199,2200,2201,2202,2203,2204,2205,2206,2207,2208,2209,2210,2211,2212,2213,2214,2215,2216,2217,2218,2219,2220,2221,2222,2223,2224,2225,2226,2227,2228,2229,2230,2231,2232,2233,2234,2235,2236,2237,2238,2239,2240,2241,2242,2243,2244,2245,2246,2247,2248,2249,2250,2251,2252,2253,2254,2255,2256,2257,2258,2259,2260,2261,2262,2263,2264,2265,2266,2267,2268,2269,2270,2271,2272,2273,2274,2275,2276,2277,2278,2279,2280,2281,2282,2283,2284,2285,2286,2287,2288,2289,2290,2291,2292,2293,2294,2295,2296,2297,2298,2299,2300,2301,2302,2303,2304,2305,2306,2307,2308,2309,2310,2311,2312,2313,2314,2315,2316,2317,2318,2319,2320,2321,2322,2323,2324,2325,2326,2327,2328,2329,2330,2331,2332,2333,2334,2335,2336,2337,2338,2339,2340,2341,2342,2343,2344,2345,2346,2347,2348,2349,2350,2351,2352,2353,2354,2355,2356,2357,2358,2359,2360,2361,2362,2363,2364,2365,2366,2367,2368,2369,2370,2371,2372,2373,2374,2375,2376,2377,2378,2379,2380,2381,2382,2383,2384,2385,2386,2387,2388,2389,2390,2391,2392,2393,2394,2395,2396,2397,2398,2399,2400,2401,2402,2403,2404,2405,2406,2407,2408,2409,2410,2411,2412,2413,2414,2415,2416,2417,2418,2419,2420,2421,2422,2423,2424,2425,2426,2427,2428,2429,2430,2431,2432,2433,2434,2435,2436,2437,2438,2439,2440,2441,2442,2443,2444,2445,2446,2447,2448,2449,2450,2451,2452,2453,2454,2455,2456,2457,2458,2459,2460,2461,2462,2463,2464,2465,2466,2467,2468,2469,2470,2471,2472,2473,2474,2475,2476,2477,2478,2479,2480,2481,2482,2483,2484,2485,2486,2487,2488,2489,2490,2491,2492,2493,2494,2495,2496,2497,2498,2499,2500,2501,2502,2503,2504,2505,2506,2507,2508,2509,2510,2511,2512,2513,2514,2515,2516,2517,2518,2519,2520,2521,2522,2523,2524,2525,2526,2527,2528,2529,2530,2531,2532,2533,2534,2535,2536,2537,2538,2539,2540,2541,2542,2543,2544,2545,2546,2547,2548,2549,2550,2551,2552,2553,2554,2555,2556,2557,2558,2559,2560,2561,2562,2563,2564,2565,2566,2567,2568,2569,2570,2571,2572,2573,2574,2575,2576,2577,2578,2579,2580,2581,2582,2583,2584,2585,2586,2587,2588,2589,2590,2591,2592,2593,2594,2595,2596,2597,2598,2599,2600,2601,2602,2603,2604,2605,2606,2607,2608,2609,2610,2611,2612,2613,2614,2615,2616,2617,2618,2619,2620,2621,2622,2623,2624,2625,2626,2627,2628,2629,2630,2631,2632,2633,2634,2635,2636,2637,2638,2639,2640,2641,2642,2643,2644,2645,2646,2647,2648,2649,2650,2651,2652,2653,2654,2655,2656,2657,2658,2659,2660,2661,2662,2663,2664,2665,2666,2667,2668,2669,2670,2671,2672,2673,2674,2675,2676,2677,2678,2679,2680,2681,2682,2683,2684,2685,2686,2687,2688,2689,2690,2691,2692,2693,2694,2695,2696,2697,2698,2699,2700,2701,2702,2703,2704,2705,2706,2707,2708,2709,2710,2711,2712,2713,2714,2715,2716,2717,2718,2719,2720,2721,2722,2723,2724,2725,2726,2727,2728,2729,2730,2731,2732,2733,2734,2735,2736,2737,2738,2739,2740,2741,2742,2743,2744,2745,2746,2747,2748,2749,2750,2751,2752,2753,2754,2755,2756,2757,2758,2759,2760,2761,2762,2763,2764,2765,2766,2767,2768,2769,2770,2771,2772,2773,2774,2775,2776,2777,2778,2779,2780,2781,2782,2783,2784,2785,2786,2787,2788,2789,2790,2791,2792,2793,2794,2795,2796,2797,2798,2799,2800,2801,2802,2803,2804,2805,2806,2807,2808,2809,2810,2811,2812,2813,2814,2815,2816,2817,2818,2819,2820,2821,2822,2823,2824,2825,2826,2827,2828,2829,2830,2831,2832,2833,2834,2835,2836,2837,2838,2839,2840,2841,2842,2843,2844,2845,2846,2847,2848,2849,2850,2851,2852,2853,2854,2855,2856,2857,2858,2859,2860,2861,2862,2863,2864,2865,2866,2867,2868,2869,2870,2871,2872,2873,2874,2875,2876,2877,2878,2879,2880,2881,2882,2883,2884,2885,2886,2887,2888,2889,2890,2891,2892,2893,2894,2895,2896,2897,2898,2899,2900,2901,2902,2903,2904,2905,2906,2907,2908,2909,2910,2911,2912,2913,2914,2915,2916,2917,2918,2919,2920,2921,2922,2923,2924,2925,2926,2927,2928,2929,2930,2931,2932,2933,2934,2935,2936,2937,2938,2939,2940,2941,2942,2943,2944,2945,2946,2947,2948,2949,2950,2951,2952,2953,2954,2955,2956,2957,2958,2959,2960,2961,2962,2963,2964,2965,2966,2967,2968,2969,2970,2971,2972,2973,2974,2975,2976,2977,2978,2979,2980,2981,2982,2983,2984,2985,2986,2987,2988,2989,2990,2991,2992,2993,2994,2995,2996,2997,2998,2999,3000,3001,3002,3003,3004,3005,3006,3007,3008,3009,3010,3011,3012,3013,3014,3015,3016,3017,3018,3019,3020,3021,3022,3023,3024,3025,3026,3027,3028,3029,3030,3031,3032,3033,3034,3035,3036,3037,3038,3039,3040,3041,3042,3043,3044,3045,3046,3047,3048,3049,3050,3051,3052,3053,3054,3055,3056,3057,3058,3059,3060,3061,3062,3063,3064,3065,3066,3067,3068,3069,3070,3071,3072,3073,3074,3075,3076,3077,3078,3079,3080,3081,3082,3083,3084,3085,3086,3087,3088,3089,3090,3091,3092,3093,3094,3095,3096,3097,3098,3099,3100,3101,3102,3103,3104,3105,3106,3107,3108,3109,3110,3111,3112,3113,3114,3115,3116,3117,3118,3119,3120,3121,3122,3123,3124,3125,3126,3127,3128,3129,3130,3131,3132,3133,3134,3135,3136,3137,3138,3139,3140,3141,3142,3143,3144,3145,3146,3147,3148,3149,3150,3151,3152,3153,3154,3155,3156,3157,3158,3159,3160,3161,3162,3163,3164,3165,3166,3167,3168,3169,3170,3171,3172,3173,3174,3175,3176,3177,3178,3179,3180,3181,3182,3183,3184,3185,3186,3187,3188,3189,3190,3191,3192,3193,3194,3195,3196,3197,3198,3199,3200,3201,3202,3203,3204,3205,3206,3207,3208,3209,3210,3211,3212,3213,3214,3215,3216,3217,3218,3219,3220,3221,3222,3223,3224,3225,3226,3227,3228,3229,3230,3231,3232,3233,3234,3235,3236,3237,3238,3239,3240,3241,3242,3243,3244,3245,3246,3247,3248,3249,3250,3251,3252,3253,3254,3255,3256,3257,3258,3259,3260,3261,3262,3263,3264,3265,3266,3267,3268,3269,3270,3271,3272,3273,3274,3275,3276,3277,3278,3279,3280,3281,3282,3283,3284,3285,3286,3287,3288,3289,3290,3291,3292,3293,3294,3295,3296,3297,3298,3299,3300,3301,3302,3303,3304,3305,3306,3307,3308,3309,3310,3311,3312,3313,3314,3315,3316,3317,3318,3319,3320,3321,3322,3323,3324,3325,3326,3327,3328,3329,3330,3331,3332,3333,3334,3335,3336,3337,3338,3339,3340,3341,3342,3343,3344,3345,3346,3347,3348,3349,3350,3351,3352,3353,3354,3355,3356,3357,3358,3359,3360,3361,3362,3363,3364,3365,3366,3367,3368,3369,3370,3371,3372,3373,3374,3375,3376,3377,3378,3379,3380,3381,3382,3383,3384,3385,3386,3387,3388,3389,3390,3391,3392,3393,3394,3395,3396,3397,3398,3399,3400,3401,3402,3403,3404,3405,3406,3407,3408,3409,3410,3411,3412,3413,3414,3415,3416,3417,3418,3419,3420,3421,3422,3423,3424,3425,3426,3427,3428,3429,3430,3431,3432,3433,3434,3435,3436,3437,3438,3439,3440,3441,3442,3443,3444,3445,3446,3447,3448,3449,3450,3451,3452,3453,3454,3455,3456,3457,3458,3459,3460,3461,3462,3463,3464,3465,3466,3467,3468,3469,3470,3471,3472,3473,3474,3475,3476,3477,3478,3479,3480,3481,3482,3483,3484,3485,3486,3487,3488,3489,3490,3491,3492,3493,3494,3495,3496,3497,3498,3499,3500,3501,3502,3503,3504,3505,3506,3507,3508,3509,3510,3511,3512,3513,3514,3515,3516,3517,3518,3519,3520,3521,3522,3523,3524,3525,3526,3527,3528,3529,3530,3531,3532,3533,3534,3535,3536,3537,3538,3539,3540,3541,3542,3543,3544,3545,3546,3547,3548,3549,3550,3551,3552,3553,3554,3555,3556,3557,3558,3559,3560,3561,3562,3563,3564,3565,3566,3567,3568,3569,3570,3571,3572,3573,3574,3575,3576,3577,3578,3579,3580,3581,3582,3583,3584,3585,3586,3587,3588,3589,3590,3591,3592,3593,3594,3595,3596,3597,3598,3599,3600,3601,3602,3603,3604,3605,3606,3607,3608,3609,3610,3611,3612,3613,3614,3615,3616,3617,3618,3619,3620,3621,3622,3623,3624,3625,3626,3627,3628,3629,3630,3631,3632,3633,3634,3635,3636,3637,3638,3639,3640,3641,3642,3643,3644,3645,3646,3647,3648,3649,3650,3651,3652,3653,3654,3655,3656,3657,3658,3659,3660,3661,3662,3663,3664,3665,3666,3667,3668,3669,3670,3671,3672,3673,3674,3675,3676,3677,3678,3679,3680,3681,3682,3683,3684,3685,3686,3687,3688,3689,3690,3691,3692,3693,3694,3695,3696,3697,3698,3699,3700,3701,3702,3703,3704,3705,3706,3707,3708,3709,3710,3711,3712,3713,3714,3715,3716,3717,3718,3719,3720,3721,3722,3723,3724,3725,3726,3727,3728,3729,3730,3731,3732,3733,3734,3735,3736,3737,3738,3739,3740,3741,3742,3743,3744,3745,3746,3747,3748,3749,3750,3751,3752,3753,3754,3755,3756,3757,3758,3759,3760,3761,3762,3763,3764,3765,3766,3767,3768,3769,3770,3771,3772,3773,3774,3775,3776,3777,3778,3779,3780,3781,3782,3783,3784,3785,3786,3787,3788,3789,3790,3791,3792,3793,3794,3795,3796,3797,3798,3799,3800,3801,3802,3803,3804,3805,3806,3807,3808,3809,3810,3811,3812,3813,3814,3815,3816,3817,3818,3819,3820,3821,3822,3823,3824,3825,3826,3827,3828,3829,3830,3831,3832,3833,3834,3835,3836,3837,3838,3839,3840,3841,3842,3843,3844,3845,3846,3847,3848,3849,3850,3851,3852,3853,3854,3855,3856,3857,3858,3859,3860,3861,3862,3863,3864,3865,3866,3867,3868,3869,3870,3871,3872,3873,3874,3875,3876,3877,3878,3879,3880,3881,3882,3883,3884,3885,3886,3887,3888,3889,3890,3891,3892,3893,3894,3895,3896,3897,3898,3899,3900,3901,3902,3903,3904,3905,3906,3907,3908,3909,3910,3911,3912,3913,3914,3915,3916,3917,3918,3919,3920,3921,3922,3923,3924,3925,3926,3927,3928,3929,3930,3931,3932,3933,3934,3935,3936,3937,3938,3939,3940,3941,3942,3943,3944,3945,3946,3947,3948,3949,3950,3951,3952,3953,3954,3955,3956,3957,3958,3959,3960,3961,3962,3963,3964,3965,3966,3967,3968,3969,3970,3971,3972,3973,3974,3975,3976,3977,3978,3979,3980,3981,3982,3983,3984,3985,3986,3987,3988,3989,3990,3991,3992,3993,3994,3995,3996,3997,3998,3999,4000,4001,4002,4003,4004,4005,4006,4007,4008,4009,4010,4011,4012,4013,4014,4015,4016,4017,4018,4019,4020,4021,4022,4023,4024,4025,4026,4027,4028,4029,4030,4031,4032,4033,4034,4035,4036,4037,4038,4039,4040,4041,4042,4043,4044,4045,4046,4047,4048,4049,4050,4051,4052,4053,4054,4055,4056,4057,4058,4059,4060,4061,4062,4063,4064,4065,4066,4067,4068,4069,4070,4071,4072,4073,4074,4075,4076,4077,4078,4079,4080,4081,4082,4083,4084,4085,4086,4087,4088,4089,4090,4091,4092,4093,4094,4095,4096,4097,4098,4099,4100,4101,4102,4103,4104,4105,4106,4107,4108,4109,4110,4111,4112,4113,4114,4115,4116,4117,4118,4119,4120,4121,4122,4123,4124,4125,4126,4127,4128,4129,4130,4131,4132,4133,4134,4135,4136,4137,4138,4139,4140,4141,4142,4143,4144,4145,4146,4147,4148,4149,4150,4151,4152,4153,4154,4155,4156,4157,4158,4159,4160,4161,4162,4163,4164,4165,4166,4167,4168,4169,4170,4171,4172,4173,4174,4175,4176,4177,4178,4179,4180,4181,4182,4183,4184,4185,4186,4187,4188,4189,4190,4191,4192,4193,4194,4195,4196,4197,4198,4199,4200,4201,4202,4203,4204,4205,4206,4207,4208,4209,4210,4211,4212,4213,4214,4215,4216,4217,4218,4219,4220,4221,4222,4223,4224,4225,4226,4227,4228,4229,4230,4231,4232,4233,4234,4235,4236,4237,4238,4239,4240,4241,4242,4243,4244,4245,4246,4247,4248,4249,4250,4251,4252,4253,4254,4255,4256,4257,4258,4259,4260,4261,4262,4263,4264,4265,4266,4267,4268,4269,4270,4271,4272,4273,4274,4275,4276,4277,4278,4279,4280,4281,4282,4283,4284,4285,4286,4287,4288,4289,4290,4291,4292,4293,4294,4295,4296,4297,4298,4299,4300,4301,4302,4303,4304,4305,4306,4307,4308,4309,4310,4311,4312,4313,4314,4315,4316,4317,4318,4319,4320,4321,4322,4323,4324,4325,4326,4327,4328,4329,4330,4331,4332,4333,4334,4335,4336,4337,4338,4339,4340,4341,4342,4343,4344,4345,4346,4347,4348,4349,4350,4351,4352,4353,4354,4355,4356,4357,4358,4359,4360,4361,4362,4363,4364,4365,4366,4367,4368,4369,4370,4371,4372,4373,4374,4375,4376,4377,4378,4379,4380,4381,4382,4383,4384,4385,4386,4387,4388,4389,4390,4391,4392,4393,4394,4395,4396,4397,4398,4399,4400,4401,4402,4403,4404,4405,4406,4407,4408,4409,4410,4411,4412,4413,4414,4415,4416,4417,4418,4419,4420,4421,4422,4423,4424,4425,4426,4427,4428,4429,4430,4431,4432,4433,4434,4435,4436,4437,4438,4439,4440,4441,4442,4443,4444,4445,4446,4447,4448,4449,4450,4451,4452,4453,4454,4455,4456,4457,4458,4459,4460,4461,4462,4463,4464,4465,4466,4467,4468,4469,4470,4471,4472,4473,4474,4475,4476,4477,4478,4479,4480,4481,4482,4483,4484,4485,4486,4487,4488,4489,4490,4491,4492,4493,4494,4495,4496,4497,4498,4499,4500,4501,4502,4503,4504,4505,4506,4507,4508,4509,4510,4511,4512,4513,4514,4515,4516,4517,4518,4519,4520,4521,4522,4523,4524,4525,4526,4527,4528,4529,4530,4531,4532,4533,4534,4535,4536,4537,4538,4539,4540,4541,4542,4543,4544,4545,4546,4547,4548,4549,4550,4551,4552,4553,4554,4555,4556,4557,4558,4559,4560,4561,4562,4563,4564,4565,4566,4567,4568,4569,4570,4571,4572,4573,4574,4575,4576,4577,4578,4579,4580,4581,4582,4583,4584,4585,4586,4587,4588,4589,4590,4591,4592,4593,4594,4595,4596,4597,4598,4599,4600,4601,4602,4603,4604,4605,4606,4607,4608,4609,4610,4611,4612,4613,4614,4615,4616,4617,4618,4619,4620,4621,4622,4623,4624,4625,4626,4627,4628,4629,4630,4631,4632,4633,4634,4635,4636,4637,4638,4639,4640,4641,4642,4643,4644,4645,4646,4647,4648,4649,4650,4651,4652,4653,4654,4655,4656,4657,4658,4659,4660,4661,4662,4663,4664,4665,4666,4667,4668,4669,4670,4671,4672,4673,4674,4675,4676,4677,4678,4679,4680,4681,4682,4683,4684,4685,4686,4687,4688,4689,4690,4691,4692,4693,4694,4695,4696,4697,4698,4699,4700,4701,4702,4703,4704,4705,4706,4707,4708,4709,4710,4711,4712,4713,4714,4715,4716,4717,4718,4719,4720,4721,4722,4723,4724,4725,4726,4727,4728,4729,4730,4731,4732,4733,4734,4735,4736,4737,4738,4739,4740,4741,4742,4743,4744,4745,4746,4747,4748,4749,4750,4751,4752,4753,4754,4755,4756,4757,4758,4759,4760,4761,4762,4763,4764,4765,4766,4767,4768,4769,4770,4771,4772,4773,4774,4775,4776,4777,4778,4779,4780,4781,4782,4783,4784,4785,4786,4787,4788,4789,4790,4791,4792,4793,4794,4795,4796,4797,4798,4799,4800,4801,4802,4803,4804,4805,4806,4807,4808,4809,4810,4811,4812,4813,4814,4815,4816,4817,4818,4819,4820,4821,4822,4823,4824,4825,4826,4827,4828,4829,4830,4831,4832,4833,4834,4835,4836,4837,4838,4839,4840,4841,4842,4843,4844,4845,4846,4847,4848,4849,4850,4851,4852,4853,4854,4855,4856,4857,4858,4859,4860,4861,4862,4863,4864,4865,4866,4867,4868,4869,4870,4871,4872,4873,4874,4875,4876,4877,4878,4879,4880,4881,4882,4883,4884,4885,4886,4887,4888,4889,4890,4891,4892,4893,4894,4895,4896,4897,4898,4899,4900,4901,4902,4903,4904,4905,4906,4907,4908,4909,4910,4911,4912,4913,4914,4915,4916,4917,4918,4919,4920,4921,4922,4923,4924,4925,4926,4927,4928,4929,4930,4931,4932,4933,4934,4935,4936,4937,4938,4939,4940,4941,4942,4943,4944,4945,4946,4947,4948,4949,4950,4951,4952,4953,4954,4955,4956,4957,4958,4959,4960,4961,4962,4963,4964,4965,4966,4967,4968,4969,4970,4971,4972,4973,4974,4975,4976,4977,4978,4979,4980,4981,4982,4983,4984,4985,4986,4987,4988,4989,4990,4991,4992,4993,4994,4995,4996,4997,4998,4999,5000,5001,5002,5003,5004,5005,5006,5007,5008,5009,5010,5011,5012,5013,5014,5015,5016,5017,5018,5019,5020,5021,5022,5023,5024,5025,5026,5027,5028,5029,5030,5031,5032,5033,5034,5035,5036,5037,5038,5039,5040,5041,5042,5043,5044,5045,5046,5047,5048,5049,5050,5051,5052,5053,5054,5055,5056,5057,5058,5059,5060,5061,5062,5063,5064,5065,5066,5067,5068,5069,5070,5071,5072,5073,5074,5075,5076,5077,5078,5079,5080,5081,5082,5083,5084,5085,5086,5087,5088,5089,5090,5091,5092,5093,5094,5095,5096,5097,5098,5099,5100,5101,5102,5103,5104,5105,5106,5107,5108,5109,5110,5111,5112,5113,5114,5115,5116,5117,5118,5119,5120,5121,5122,5123,5124,5125,5126,5127,5128,5129,5130,5131,5132,5133,5134,5135,5136,5137,5138,5139,5140,5141,5142,5143,5144,5145,5146,5147,5148,5149,5150,5151,5152,5153,5154,5155,5156,5157,5158,5159,5160,5161,5162,5163,5164,5165,5166,5167,5168,5169,5170,5171,5172,5173,5174,5175,5176,5177,5178,5179,5180,5181,5182,5183,5184,5185,5186,5187,5188,5189,5190,5191,5192,5193,5194,5195,5196,5197,5198,5199,5200,5201,5202,5203,5204,5205,5206,5207,5208,5209,5210,5211,5212,5213,5214,5215,5216,5217,5218,5219,5220,5221,5222,5223,5224,5225,5226,5227,5228,5229,5230,5231,5232,5233,5234,5235,5236,5237,5238,5239,5240,5241,5242,5243,5244,5245,5246,5247,5248,5249,5250,5251,5252,5253,5254,5255,5256,5257,5258,5259,5260,5261,5262,5263,5264,5265,5266,5267,5268,5269,5270,5271,5272,5273,5274,5275,5276,5277,5278,5279,5280,5281,5282,5283,5284,5285,5286,5287,5288,5289,5290,5291,5292,5293,5294,5295,5296,5297,5298,5299,5300,5301,5302,5303,5304,5305,5306,5307,5308,5309,5310,5311,5312,5313,5314,5315,5316,5317,5318,5319,5320,5321,5322,5323,5324,5325,5326,5327,5328,5329,5330,5331,5332,5333,5334,5335,5336,5337,5338,5339,5340,5341,5342,5343,5344,5345,5346,5347,5348,5349,5350,5351,5352,5353,5354,5355,5356,5357,5358,5359,5360,5361,5362,5363,5364,5365,5366,5367,5368,5369,5370,5371,5372,5373,5374,5375,5376,5377,5378,5379,5380,5381,5382,5383,5384,5385,5386,5387,5388,5389,5390,5391,5392,5393,5394,5395,5396,5397,5398,5399,5400,5401,5402,5403,5404,5405,5406,5407,5408,5409,5410,5411,5412,5413,5414,5415,5416,5417,5418,5419,5420,5421,5422,5423,5424,5425,5426,5427,5428,5429,5430,5431,5432,5433,5434,5435,5436,5437,5438,5439,5440,5441,5442,5443,5444,5445,5446,5447,5448,5449,5450,5451,5452,5453,5454,5455,5456,5457,5458,5459,5460,5461,5462,5463,5464,5465,5466,5467,5468,5469,5470,5471,5472,5473,5474,5475,5476,5477,5478,5479,5480,5481,5482,5483,5484,5485,5486,5487,5488,5489,5490,5491,5492,5493,5494,5495,5496,5497,5498,5499,5500,5501,5502,5503,5504,5505,5506,5507,5508,5509,5510,5511,5512,5513,5514,5515,5516,5517,5518,5519,5520,5521,5522,5523,5524,5525,5526,5527,5528,5529,5530,5531,5532,5533,5534,5535,5536,5537,5538,5539,5540,5541,5542,5543,5544,5545,5546,5547,5548,5549,5550,5551,5552,5553,5554,5555,5556,5557,5558,5559,5560,5561,5562,5563,5564,5565,5566,5567,5568,5569,5570,5571,5572,5573,5574,5575,5576,5577,5578,5579,5580,5581,5582,5583,5584,5585,5586,5587,5588,5589,5590,5591,5592,5593,5594,5595,5596,5597,5598,5599,5600,5601,5602,5603,5604,5605,5606,5607,5608,5609,5610,5611,5612,5613,5614,5615,5616,5617,5618,5619,5620,5621,5622,5623,5624,5625,5626,5627,5628,5629,5630,5631,5632,5633,5634,5635,5636,5637,5638,5639,5640,5641,5642,5643,5644,5645,5646,5647,5648,5649,5650,5651,5652,5653,5654,5655,5656,5657,5658,5659,5660,5661,5662,5663,5664,5665,5666,5667,5668,5669,5670,5671,5672,5673,5674,5675,5676,5677,5678,5679,5680,5681,5682,5683,5684,5685,5686,5687,5688,5689,5690,5691,5692,5693,5694,5695,5696,5697,5698,5699,5700,5701,5702,5703,5704,5705,5706,5707,5708,5709,5710,5711,5712,5713,5714,5715,5716,5717,5718,5719,5720,5721,5722,5723,5724,5725,5726,5727,5728,5729,5730,5731,5732,5733,5734,5735,5736,5737,5738,5739,5740,5741,5742,5743,5744,5745,5746,5747,5748,5749,5750,5751,5752,5753,5754,5755,5756,5757,5758,5759,5760,5761,5762,5763,5764,5765,5766,5767,5768,5769,5770,5771,5772,5773,5774,5775,5776,5777,5778,5779,5780,5781,5782,5783,5784,5785,5786,5787,5788,5789,5790,5791,5792,5793,5794,5795,5796,5797,5798,5799,5800,5801,5802,5803,5804,5805,5806,5807,5808,5809,5810,5811,5812,5813,5814,5815,5816,5817,5818,5819,5820,5821,5822,5823,5824,5825,5826,5827,5828,5829,5830,5831,5832,5833,5834,5835,5836,5837,5838,5839,5840,5841,5842,5843,5844,5845,5846,5847,5848,5849,5850,5851,5852,5853,5854,5855,5856,5857,5858,5859,5860,5861,5862,5863,5864,5865,5866,5867,5868,5869,5870,5871,5872,5873,5874,5875,5876,5877,5878,5879,5880,5881,5882,5883,5884,5885,5886,5887,5888,5889,5890,5891,5892,5893,5894,5895,5896,5897,5898,5899,5900,5901,5902,5903,5904,5905,5906,5907,5908,5909,5910,5911,5912,5913,5914,5915,5916,5917,5918,5919,5920,5921,5922,5923,5924,5925,5926,5927,5928,5929,5930,5931,5932,5933,5934,5935,5936,5937,5938,5939,5940,5941,5942,5943,5944,5945,5946,5947,5948,5949,5950,5951,5952,5953,5954,5955,5956,5957,5958,5959,5960,5961,5962,5963,5964,5965,5966,5967,5968,5969,5970,5971,5972,5973,5974,5975,5976,5977,5978,5979,5980,5981,5982,5983,5984,5985,5986,5987,5988,5989,5990,5991,5992,5993,5994,5995,5996,5997,5998,5999,6000,6001,6002,6003,6004,6005,6006,6007,6008,6009,6010,6011,6012,6013,6014,6015,6016,6017,6018,6019,6020,6021,6022,6023,6024,6025,6026,6027,6028,6029,6030,6031,6032,6033,6034,6035,6036,6037,6038,6039,6040,6041,6042,6043,6044,6045,6046,6047,6048,6049,6050,6051,6052,6053,6054,6055,6056,6057,6058,6059,6060,6061,6062,6063,6064,6065,6066,6067,6068,6069,6070,6071,6072,6073,6074,6075,6076,6077,6078,6079,6080,6081,6082,6083,6084,6085,6086,6087,6088,6089,6090,6091,6092,6093,6094,6095,6096,6097,6098,6099,6100,6101,6102,6103,6104,6105,6106,6107,6108,6109,6110,6111,6112,6113,6114,6115,6116,6117,6118,6119,6120,6121,6122,6123,6124,6125,6126,6127,6128,6129,6130,6131,6132,6133,6134,6135,6136,6137,6138,6139,6140,6141,6142,6143,6144,6145,6146,6147,6148,6149,6150,6151,6152,6153,6154,6155,6156,6157,6158,6159,6160,6161,6162,6163,6164,6165,6166,6167,6168,6169,6170,6171,6172,6173,6174,6175,6176,6177,6178,6179,6180,6181,6182,6183,6184,6185,6186,6187,6188,6189,6190,6191,6192,6193,6194,6195,6196,6197,6198,6199,6200,6201,6202,6203,6204,6205,6206,6207,6208,6209,6210,6211,6212,6213,6214,6215,6216,6217,6218,6219,6220,6221,6222,6223,6224,6225,6226,6227,6228,6229,6230,6231,6232,6233,6234,6235,6236,6237,6238,6239,6240,6241,6242,6243,6244,6245,6246,6247,6248,6249,6250,6251,6252,6253,6254,6255,6256,6257,6258,6259,6260,6261,6262,6263,6264,6265,6266,6267,6268,6269,6270,6271,6272,6273,6274,6275,6276,6277,6278,6279,6280,6281,6282,6283,6284,6285,6286,6287,6288,6289,6290,6291,6292,6293,6294,6295,6296,6297,6298,6299,6300,6301,6302,6303,6304,6305,6306,6307,6308,6309,6310,6311,6312,6313,6314,6315,6316,6317,6318,6319,6320,6321,6322,6323,6324,6325,6326,6327,6328,6329,6330,6331,6332,6333,6334,6335,6336,6337,6338,6339,6340,6341,6342,6343,6344,6345,6346,6347,6348,6349,6350,6351,6352,6353,6354,6355,6356,6357,6358,6359,6360,6361,6362,6363,6364,6365,6366,6367,6368,6369,6370,6371,6372,6373,6374,6375,6376,6377,6378,6379,6380,6381,6382,6383,6384,6385,6386,6387,6388,6389,6390,6391,6392,6393,6394,6395,6396,6397,6398,6399,6400,6401,6402,6403,6404,6405,6406,6407,6408,6409,6410,6411,6412,6413,6414,6415,6416,6417,6418,6419,6420,6421,6422,6423,6424,6425,6426,6427,6428,6429,6430,6431,6432,6433,6434,6435,6436,6437,6438,6439,6440,6441,6442,6443,6444,6445,6446,6447,6448,6449,6450,6451,6452,6453,6454,6455,6456,6457,6458,6459,6460,6461,6462,6463,6464,6465,6466,6467,6468,6469,6470,6471,6472,6473,6474,6475,6476,6477,6478,6479,6480,6481,6482,6483,6484,6485,6486,6487,6488,6489,6490,6491,6492,6493,6494,6495,6496,6497,6498,6499,6500,6501,6502,6503,6504,6505,6506,6507,6508,6509,6510,6511,6512,6513,6514,6515,6516,6517,6518,6519,6520,6521,6522,6523,6524,6525,6526,6527,6528,6529,6530,6531,6532,6533,6534,6535,6536,6537,6538,6539,6540,6541,6542,6543,6544,6545,6546,6547,6548,6549,6550,6551,6552,6553,6554,6555,6556,6557,6558,6559,6560,6561,6562,6563,6564,6565,6566,6567,6568,6569,6570,6571,6572,6573,6574,6575,6576,6577,6578,6579,6580,6581,6582,6583,6584,6585,6586,6587,6588,6589,6590,6591,6592,6593,6594,6595,6596,6597,6598,6599,6600,6601,6602,6603,6604,6605,6606,6607,6608,6609,6610,6611,6612,6613,6614,6615,6616,6617,6618,6619,6620,6621,6622,6623,6624,6625,6626,6627,6628,6629,6630,6631,6632,6633,6634,6635,6636,6637,6638,6639,6640,6641,6642,6643,6644,6645,6646,6647,6648,6649,6650,6651,6652,6653,6654,6655,6656,6657,6658,6659,6660,6661,6662,6663,6664,6665,6666,6667,6668,6669,6670,6671,6672,6673,6674,6675,6676,6677,6678,6679,6680,6681,6682,6683,6684,6685,6686,6687,6688,6689,6690,6691,6692,6693,6694,6695,6696,6697,6698,6699,6700,6701,6702,6703,6704,6705,6706,6707,6708,6709,6710,6711,6712,6713,6714,6715,6716,6717,6718,6719,6720,6721,6722,6723,6724,6725,6726,6727,6728,6729,6730,6731,6732,6733,6734,6735,6736,6737,6738,6739,6740,6741,6742,6743,6744,6745,6746,6747,6748,6749,6750,6751,6752,6753,6754,6755,6756,6757,6758,6759,6760,6761,6762,6763,6764,6765,6766,6767,6768,6769,6770,6771,6772,6773,6774,6775,6776,6777,6778,6779,6780,6781,6782,6783,6784,6785,6786,6787,6788,6789,6790,6791,6792,6793,6794,6795,6796,6797,6798,6799,6800,6801,6802,6803,6804,6805,6806,6807,6808,6809,6810,6811,6812,6813,6814,6815,6816,6817,6818,6819,6820,6821,6822,6823,6824,6825,6826,6827,6828,6829,6830,6831,6832,6833,6834,6835,6836,6837,6838,6839,6840,6841,6842,6843,6844,6845,6846,6847,6848,6849,6850,6851,6852,6853,6854,6855,6856,6857,6858,6859,6860,6861,6862,6863,6864,6865,6866,6867,6868,6869,6870,6871,6872,6873,6874,6875,6876,6877,6878,6879,6880,6881,6882,6883,6884,6885,6886,6887,6888,6889,6890,6891,6892,6893,6894,6895,6896,6897,6898,6899,6900,6901,6902,6903,6904,6905,6906,6907,6908,6909,6910,6911,6912,6913,6914,6915,6916,6917,6918,6919,6920,6921,6922,6923,6924,6925,6926,6927,6928,6929,6930,6931,6932,6933,6934,6935,6936,6937,6938,6939,6940,6941,6942,6943,6944,6945,6946,6947,6948,6949,6950,6951,6952,6953,6954,6955,6956,6957,6958,6959,6960,6961,6962,6963,6964,6965,6966,6967,6968,6969,6970,6971,6972,6973,6974,6975,6976,6977,6978,6979,6980,6981,6982,6983,6984,6985,6986,6987,6988,6989,6990,6991,6992,6993,6994,6995,6996,6997,6998,6999,7000,7001,7002,7003,7004,7005,7006,7007,7008,7009,7010,7011,7012,7013,7014,7015,7016,7017,7018,7019,7020,7021,7022,7023,7024,7025,7026,7027,7028,7029,7030,7031,7032,7033,7034,7035,7036,7037,7038,7039,7040,7041,7042,7043,7044,7045,7046,7047,7048,7049,7050,7051,7052,7053,7054,7055,7056,7057,7058,7059,7060,7061,7062,7063,7064,7065,7066,7067,7068,7069,7070,7071,7072,7073,7074,7075,7076,7077,7078,7079,7080,7081,7082,7083,7084,7085,7086,7087,7088,7089,7090,7091,7092,7093,7094,7095,7096,7097,7098,7099,7100,7101,7102,7103,7104,7105,7106,7107,7108,7109,7110,7111,7112,7113,7114,7115,7116,7117,7118,7119,7120,7121,7122,7123,7124,7125,7126,7127,7128,7129,7130,7131,7132,7133,7134,7135,7136,7137,7138,7139,7140,7141,7142,7143,7144,7145,7146,7147,7148,7149,7150,7151,7152,7153,7154,7155,7156,7157,7158,7159,7160,7161,7162,7163,7164,7165,7166,7167,7168,7169,7170,7171,7172,7173,7174,7175,7176,7177,7178,7179,7180,7181,7182,7183,7184,7185,7186,7187,7188,7189,7190,7191,7192,7193,7194,7195,7196,7197,7198,7199,7200,7201,7202,7203,7204,7205,7206,7207,7208,7209,7210,7211,7212,7213,7214,7215,7216,7217,7218,7219,7220,7221,7222,7223,7224,7225,7226,7227,7228,7229,7230,7231,7232,7233,7234,7235,7236,7237,7238,7239,7240,7241,7242,7243,7244,7245,7246,7247,7248,7249,7250,7251,7252,7253,7254,7255,7256,7257,7258,7259,7260,7261,7262,7263,7264,7265,7266,7267,7268,7269,7270,7271,7272,7273,7274,7275,7276,7277,7278,7279,7280,7281,7282,7283,7284,7285,7286,7287,7288,7289,7290,7291,7292,7293,7294,7295,7296,7297,7298,7299,7300,7301,7302,7303,7304,7305,7306,7307,7308,7309,7310,7311,7312,7313,7314,7315,7316,7317,7318,7319,7320,7321,7322,7323,7324,7325,7326,7327,7328,7329,7330,7331,7332,7333,7334,7335,7336,7337,7338,7339,7340,7341,7342,7343,7344,7345,7346,7347,7348,7349,7350,7351,7352,7353,7354,7355,7356,7357,7358,7359,7360,7361,7362,7363,7364,7365,7366,7367,7368,7369,7370,7371,7372,7373,7374,7375,7376,7377,7378,7379,7380,7381,7382,7383,7384,7385,7386,7387,7388,7389,7390,7391,7392,7393,7394,7395,7396,7397,7398,7399,7400,7401,7402,7403,7404,7405,7406,7407,7408,7409,7410,7411,7412,7413,7414,7415,7416,7417,7418,7419,7420,7421,7422,7423,7424,7425,7426,7427,7428,7429,7430,7431,7432,7433,7434,7435,7436,7437,7438,7439,7440,7441,7442,7443,7444,7445,7446,7447,7448,7449,7450,7451,7452,7453,7454,7455,7456,7457,7458,7459,7460,7461,7462,7463,7464,7465,7466,7467,7468,7469,7470,7471,7472,7473,7474,7475,7476,7477,7478,7479,7480,7481,7482,7483,7484,7485,7486,7487,7488,7489,7490,7491,7492,7493,7494,7495,7496,7497,7498,7499,7500,7501,7502,7503,7504,7505,7506,7507,7508,7509,7510,7511,7512,7513,7514,7515,7516,7517,7518,7519,7520,7521,7522,7523,7524,7525,7526,7527,7528,7529,7530,7531,7532,7533,7534,7535,7536,7537,7538,7539,7540,7541,7542,7543,7544,7545,7546,7547,7548,7549,7550,7551,7552,7553,7554,7555,7556,7557,7558,7559,7560,7561,7562,7563,7564,7565,7566,7567,7568,7569,7570,7571,7572,7573,7574,7575,7576,7577,7578,7579,7580,7581,7582,7583,7584,7585,7586,7587,7588,7589,7590,7591,7592,7593,7594,7595,7596,7597,7598,7599,7600,7601,7602,7603,7604,7605,7606,7607,7608,7609,7610,7611,7612,7613,7614,7615,7616,7617,7618,7619,7620,7621,7622,7623,7624,7625,7626,7627,7628,7629,7630,7631,7632,7633,7634,7635,7636,7637,7638,7639,7640,7641,7642,7643,7644,7645,7646,7647,7648,7649,7650,7651,7652,7653,7654,7655,7656,7657,7658,7659,7660,7661,7662,7663,7664,7665,7666,7667,7668,7669,7670,7671,7672,7673,7674,7675,7676,7677,7678,7679,7680,7681,7682,7683,7684,7685,7686,7687,7688,7689,7690,7691,7692,7693,7694,7695,7696,7697,7698,7699,7700,7701,7702,7703,7704,7705,7706,7707,7708,7709,7710,7711,7712,7713,7714,7715,7716,7717,7718,7719,7720,7721,7722,7723,7724,7725,7726,7727,7728,7729,7730,7731,7732,7733,7734,7735,7736,7737,7738,7739,7740,7741,7742,7743,7744,7745,7746,7747,7748,7749,7750,7751,7752,7753,7754,7755,7756,7757,7758,7759,7760,7761,7762,7763,7764,7765,7766,7767,7768,7769,7770,7771,7772,7773,7774,7775,7776,7777,7778,7779,7780,7781,7782,7783,7784,7785,7786,7787,7788,7789,7790,7791,7792,7793,7794,7795,7796,7797,7798,7799,7800,7801,7802,7803,7804,7805,7806,7807,7808,7809,7810,7811,7812,7813,7814,7815,7816,7817,7818,7819,7820,7821,7822,7823,7824,7825,7826,7827,7828,7829,7830,7831,7832,7833,7834,7835,7836,7837,7838,7839,7840,7841,7842,7843,7844,7845,7846,7847,7848,7849,7850,7851,7852,7853,7854,7855,7856,7857,7858,7859,7860,7861,7862,7863,7864,7865,7866,7867,7868,7869,7870,7871,7872,7873,7874,7875,7876,7877,7878,7879,7880,7881,7882,7883,7884,7885,7886,7887,7888,7889,7890,7891,7892,7893,7894,7895,7896,7897,7898,7899,7900,7901,7902,7903,7904,7905,7906,7907,7908,7909,7910,7911,7912,7913,7914,7915,7916,7917,7918,7919,7920,7921,7922,7923,7924,7925,7926,7927,7928,7929,7930,7931,7932,7933,7934,7935,7936,7937,7938,7939,7940,7941,7942,7943,7944,7945,7946,7947,7948,7949,7950,7951,7952,7953,7954,7955,7956,7957,7958,7959,7960,7961,7962,7963,7964,7965,7966,7967,7968,7969,7970,7971,7972,7973,7974,7975,7976,7977,7978,7979,7980,7981,7982,7983,7984,7985,7986,7987,7988,7989,7990,7991,7992,7993,7994,7995,7996,7997,7998,7999,8000,8001,8002,8003,8004,8005,8006,8007,8008,8009,8010,8011,8012,8013,8014,8015,8016,8017,8018,8019,8020,8021,8022,8023,8024,8025,8026,8027,8028,8029,8030,8031,8032,8033,8034,8035,8036,8037,8038,8039,8040,8041,8042,8043,8044,8045,8046,8047,8048,8049,8050,8051,8052,8053,8054,8055,8056,8057,8058,8059,8060,8061,8062,8063,8064,8065,8066,8067,8068,8069,8070,8071,8072,8073,8074,8075,8076,8077,8078,8079,8080,8081,8082,8083,8084,8085,8086,8087,8088,8089,8090,8091,8092,8093,8094,8095,8096,8097,8098,8099,8100,8101,8102,8103,8104,8105,8106,8107,8108,8109,8110,8111,8112,8113,8114,8115,8116,8117,8118,8119,8120,8121,8122,8123,8124,8125,8126,8127,8128,8129,8130,8131,8132,8133,8134,8135,8136,8137,8138,8139,8140,8141,8142,8143,8144,8145,8146,8147,8148,8149,8150,8151,8152,8153,8154,8155,8156,8157,8158,8159,8160,8161,8162,8163,8164,8165,8166,8167,8168,8169,8170,8171,8172,8173,8174,8175,8176,8177,8178,8179,8180,8181,8182,8183,8184,8185,8186,8187,8188,8189,8190,8191,8192,8193,8194,8195,8196,8197,8198,8199,8200,8201,8202,8203,8204,8205,8206,8207,8208,8209,8210,8211,8212,8213,8214,8215,8216,8217,8218,8219,8220,8221,8222,8223,8224,8225,8226,8227,8228,8229,8230,8231,8232,8233,8234,8235,8236,8237,8238,8239,8240,8241,8242,8243,8244,8245,8246,8247,8248,8249,8250,8251,8252,8253,8254,8255,8256,8257,8258,8259,8260,8261,8262,8263,8264,8265,8266,8267,8268,8269,8270,8271,8272,8273,8274,8275,8276,8277,8278,8279,8280,8281,8282,8283,8284,8285,8286,8287,8288,8289,8290,8291,8292,8293,8294,8295,8296,8297,8298,8299,8300,8301,8302,8303,8304,8305,8306,8307,8308,8309,8310,8311,8312,8313,8314,8315,8316,8317,8318,8319,8320,8321,8322,8323,8324,8325,8326,8327,8328,8329,8330,8331,8332,8333,8334,8335,8336,8337,8338,8339,8340,8341,8342,8343,8344,8345,8346,8347,8348,8349,8350,8351,8352,8353,8354,8355,8356,8357,8358,8359,8360,8361,8362,8363,8364,8365,8366,8367,8368,8369,8370,8371,8372,8373,8374,8375,8376,8377,8378,8379,8380,8381,8382,8383,8384,8385,8386,8387,8388,8389,8390,8391,8392,8393,8394,8395,8396,8397,8398,8399,8400,8401,8402,8403,8404,8405,8406,8407,8408,8409,8410,8411,8412,8413,8414,8415,8416,8417,8418,8419,8420,8421,8422,8423,8424,8425,8426,8427,8428,8429,8430,8431,8432,8433,8434,8435,8436,8437,8438,8439,8440,8441,8442,8443,8444,8445,8446,8447,8448,8449,8450,8451,8452,8453,8454,8455,8456,8457,8458,8459,8460,8461,8462,8463,8464,8465,8466,8467,8468,8469,8470,8471,8472,8473,8474,8475,8476,8477,8478,8479,8480,8481,8482,8483,8484,8485,8486,8487,8488,8489,8490,8491,8492,8493,8494,8495,8496,8497,8498,8499,8500,8501,8502,8503,8504,8505,8506,8507,8508,8509,8510,8511,8512,8513,8514,8515,8516,8517,8518,8519,8520,8521,8522,8523,8524,8525,8526,8527,8528,8529,8530,8531,8532,8533,8534,8535,8536,8537,8538,8539,8540,8541,8542,8543,8544,8545,8546,8547,8548,8549,8550,8551,8552,8553,8554,8555,8556,8557,8558,8559,8560,8561,8562,8563,8564,8565,8566,8567,8568,8569,8570,8571,8572,8573,8574,8575,8576,8577,8578,8579,8580,8581,8582,8583,8584,8585,8586,8587,8588,8589,8590,8591,8592,8593,8594,8595,8596,8597,8598,8599,8600,8601,8602,8603,8604,8605,8606,8607,8608,8609,8610,8611,8612,8613,8614,8615,8616,8617,8618,8619,8620,8621,8622,8623,8624,8625,8626,8627,8628,8629,8630,8631,8632,8633,8634,8635,8636,8637,8638,8639,8640,8641,8642,8643,8644,8645,8646,8647,8648,8649,8650,8651,8652,8653,8654,8655,8656,8657,8658,8659,8660,8661,8662,8663,8664,8665,8666,8667,8668,8669,8670,8671,8672,8673,8674,8675,8676,8677,8678,8679,8680,8681,8682,8683,8684,8685,8686,8687,8688,8689,8690,8691,8692,8693,8694,8695,8696,8697,8698,8699,8700,8701,8702,8703,8704,8705,8706,8707,8708,8709,8710,8711,8712,8713,8714,8715,8716,8717,8718,8719,8720,8721,8722,8723,8724,8725,8726,8727,8728,8729,8730,8731,8732,8733,8734,8735,8736,8737,8738,8739,8740,8741,8742,8743,8744,8745,8746,8747,8748,8749,8750,8751,8752,8753,8754,8755,8756,8757,8758,8759,8760,8761,8762,8763,8764,8765,8766,8767,8768,8769,8770,8771,8772,8773,8774,8775,8776,8777,8778,8779,8780,8781,8782,8783,8784,8785,8786,8787,8788,8789,8790,8791,8792,8793,8794,8795,8796,8797,8798,8799,8800,8801,8802,8803,8804,8805,8806,8807,8808,8809,8810,8811,8812,8813,8814,8815,8816,8817,8818,8819,8820,8821,8822,8823,8824,8825,8826,8827,8828,8829,8830,8831,8832,8833,8834,8835,8836,8837,8838,8839,8840,8841,8842,8843,8844,8845,8846,8847,8848,8849,8850,8851,8852,8853,8854,8855,8856,8857,8858,8859,8860,8861,8862,8863,8864,8865,8866,8867,8868,8869,8870,8871,8872,8873,8874,8875,8876,8877,8878,8879,8880,8881,8882,8883,8884,8885,8886,8887,8888,8889,8890,8891,8892,8893,8894,8895,8896,8897,8898,8899,8900,8901,8902,8903,8904,8905,8906,8907,8908,8909,8910,8911,8912,8913,8914,8915,8916,8917,8918,8919,8920,8921,8922,8923,8924,8925,8926,8927,8928,8929,8930,8931,8932,8933,8934,8935,8936,8937,8938,8939,8940,8941,8942,8943,8944,8945,8946,8947,8948,8949,8950,8951,8952,8953,8954,8955,8956,8957,8958,8959,8960,8961,8962,8963,8964,8965,8966,8967,8968,8969,8970,8971,8972,8973,8974,8975,8976,8977,8978,8979,8980,8981,8982,8983,8984,8985,8986,8987,8988,8989,8990,8991,8992,8993,8994,8995,8996,8997,8998,8999,9000,9001,9002,9003,9004,9005,9006,9007,9008,9009,9010,9011,9012,9013,9014,9015,9016,9017,9018,9019,9020,9021,9022,9023,9024,9025,9026,9027,9028,9029,9030,9031,9032,9033,9034,9035,9036,9037,9038,9039,9040,9041,9042,9043,9044,9045,9046,9047,9048,9049,9050,9051,9052,9053,9054,9055,9056,9057,9058,9059,9060,9061,9062,9063,9064,9065,9066,9067,9068,9069,9070,9071,9072,9073,9074,9075,9076,9077,9078,9079,9080,9081,9082,9083,9084,9085,9086,9087,9088,9089,9090,9091,9092,9093,9094,9095,9096,9097,9098,9099,9100,9101,9102,9103,9104,9105,9106,9107,9108,9109,9110,9111,9112,9113,9114,9115,9116,9117,9118,9119,9120,9121,9122,9123,9124,9125,9126,9127,9128,9129,9130,9131,9132,9133,9134,9135,9136,9137,9138,9139,9140,9141,9142,9143,9144,9145,9146,9147,9148,9149,9150,9151,9152,9153,9154,9155,9156,9157,9158,9159,9160,9161,9162,9163,9164,9165,9166,9167,9168,9169,9170,9171,9172,9173,9174,9175,9176,9177,9178,9179,9180,9181,9182,9183,9184,9185,9186,9187,9188,9189,9190,9191,9192,9193,9194,9195,9196,9197,9198,9199,9200,9201,9202,9203,9204,9205,9206,9207,9208,9209,9210,9211,9212,9213,9214,9215,9216,9217,9218,9219,9220,9221,9222,9223,9224,9225,9226,9227,9228,9229,9230,9231,9232,9233,9234,9235,9236,9237,9238,9239,9240,9241,9242,9243,9244,9245,9246,9247,9248,9249,9250,9251,9252,9253,9254,9255,9256,9257,9258,9259,9260,9261,9262,9263,9264,9265,9266,9267,9268,9269,9270,9271,9272,9273,9274,9275,9276,9277,9278,9279,9280,9281,9282,9283,9284,9285,9286,9287,9288,9289,9290,9291,9292,9293,9294,9295,9296,9297,9298,9299,9300,9301,9302,9303,9304,9305,9306,9307,9308,9309,9310,9311,9312,9313,9314,9315,9316,9317,9318,9319,9320,9321,9322,9323,9324,9325,9326,9327,9328,9329,9330,9331,9332,9333,9334,9335,9336,9337,9338,9339,9340,9341,9342,9343,9344,9345,9346,9347,9348,9349,9350,9351,9352,9353,9354,9355,9356,9357,9358,9359,9360,9361,9362,9363,9364,9365,9366,9367,9368,9369,9370,9371,9372,9373,9374,9375,9376,9377,9378,9379,9380,9381,9382,9383,9384,9385,9386,9387,9388,9389,9390,9391,9392,9393,9394,9395,9396,9397,9398,9399,9400,9401,9402,9403,9404,9405,9406,9407,9408,9409,9410,9411,9412,9413,9414,9415,9416,9417,9418,9419,9420,9421,9422,9423,9424,9425,9426,9427,9428,9429,9430,9431,9432,9433,9434,9435,9436,9437,9438,9439,9440,9441,9442,9443,9444,9445,9446,9447,9448,9449,9450,9451,9452,9453,9454,9455,9456,9457,9458,9459,9460,9461,9462,9463,9464,9465,9466,9467,9468,9469,9470,9471,9472,9473,9474,9475,9476,9477,9478,9479,9480,9481,9482,9483,9484,9485,9486,9487,9488,9489,9490,9491,9492,9493,9494,9495,9496,9497,9498,9499,9500,9501,9502,9503,9504,9505,9506,9507,9508,9509,9510,9511,9512,9513,9514,9515,9516,9517,9518,9519,9520,9521,9522,9523,9524,9525,9526,9527,9528,9529,9530,9531,9532,9533,9534,9535,9536,9537,9538,9539,9540,9541,9542,9543,9544,9545,9546,9547,9548,9549,9550,9551,9552,9553,9554,9555,9556,9557,9558,9559,9560,9561,9562,9563,9564,9565,9566,9567,9568,9569,9570,9571,9572,9573,9574,9575,9576,9577,9578,9579,9580,9581,9582,9583,9584,9585,9586,9587,9588,9589,9590,9591,9592,9593,9594,9595,9596,9597,9598,9599,9600,9601,9602,9603,9604,9605,9606,9607,9608,9609,9610,9611,9612,9613,9614,9615,9616,9617,9618,9619,9620,9621,9622,9623,9624,9625,9626,9627,9628,9629,9630,9631,9632,9633,9634,9635,9636,9637,9638,9639,9640,9641,9642,9643,9644,9645,9646,9647,9648,9649,9650,9651,9652,9653,9654,9655,9656,9657,9658,9659,9660,9661,9662,9663,9664,9665,9666,9667,9668,9669,9670,9671,9672,9673,9674,9675,9676,9677,9678,9679,9680,9681,9682,9683,9684,9685,9686,9687,9688,9689,9690,9691,9692,9693,9694,9695,9696,9697,9698,9699,9700,9701,9702,9703,9704,9705,9706,9707,9708,9709,9710,9711,9712,9713,9714,9715,9716,9717,9718,9719,9720,9721,9722,9723,9724,9725,9726,9727,9728,9729,9730,9731,9732,9733,9734,9735,9736,9737,9738,9739,9740,9741,9742,9743,9744,9745,9746,9747,9748,9749,9750,9751,9752,9753,9754,9755,9756,9757,9758,9759,9760,9761,9762,9763,9764,9765,9766,9767,9768,9769,9770,9771,9772,9773,9774,9775,9776,9777,9778,9779,9780,9781,9782,9783,9784,9785,9786,9787,9788,9789,9790,9791,9792,9793,9794,9795,9796,9797,9798,9799,9800,9801,9802,9803,9804,9805,9806,9807,9808,9809,9810,9811,9812,9813,9814,9815,9816,9817,9818,9819,9820,9821,9822,9823,9824,9825,9826,9827,9828,9829,9830,9831,9832,9833,9834,9835,9836,9837,9838,9839,9840,9841,9842,9843,9844,9845,9846,9847,9848,9849,9850,9851,9852,9853,9854,9855,9856,9857,9858,9859,9860,9861,9862,9863,9864,9865,9866,9867,9868,9869,9870,9871,9872,9873,9874,9875,9876,9877,9878,9879,9880,9881,9882,9883,9884,9885,9886,9887,9888,9889,9890,9891,9892,9893,9894,9895,9896,9897,9898,9899,9900,9901,9902,9903,9904,9905,9906,9907,9908,9909,9910,9911,9912,9913,9914,9915,9916,9917,9918,9919,9920,9921,9922,9923,9924,9925,9926,9927,9928,9929,9930,9931,9932,9933,9934,9935,9936,9937,9938,9939,9940,9941,9942,9943,9944,9945,9946,9947,9948,9949,9950,9951,9952,9953,9954,9955,9956,9957,9958,9959,9960,9961,9962,9963,9964,9965,9966,9967,9968,9969,9970,9971,9972,9973,9974,9975,9976,9977,9978,9979,9980,9981,9982,9983,9984,9985,9986,9987,9988,9989,9990,9991,9992,9993,9994,9995,9996,9997,9998,9999,10000
0.484844,0.45854379305288534,0.44087402209144333,0.42394398835471,0.4088092897385618,0.3997990982628587,0.38753300681579095,0.3775208072243801,0.3667440690740932,0.35878861459451994,0.34454478648485476,0.3367880346358199,0.32641290781059074,0.3130264573854106,0.3051708655235611,0.29752393465725707,0.28702564297610983,0.2769716632428154,0.2677224148406824,0.26221250572467514,0.23444631517238537,0.2308568139869308,0.22269926759815442,0.2133548079159768,0.20758485242161884,0.199448088526804,0.1944875134432401,0.1872735714254354,0.1805962248520944,0.17643595382353397,0.1718330967393394,0.16770652595408106,0.160536279547392,0.15734239030892044,0.15303237920380927,0.14058196373923262,0.13820206543179592,0.1358862915736438,0.13196979395568575,0.1286560701930185,0.1270082709892578,0.1225728028448531,0.12051308232742089,0.11623917591718892,0.11279400152755842,0.11022919895452864,0.10612531304941968,0.10367912598090015,0.10196514759490063,0.09823150281434749,0.0961718019712147,0.09417909191328143,0.09185745739889141,0.08980304882494819,0.08893871901208826,0.0864557036926019,0.08395371703616618,0.07154473856318817,0.07017754415469221,0.06789502534076622,0.0673578890261697,0.06589908708287026,0.06341418447652893,0.0621918824419581,0.05968243585007885,0.05904732504483843,0.05854738942914908,0.0573793307014741,0.0563293912602303,0.05482966239925878,0.0541231041267916,0.05327319244032349,0.05296821647208549,0.051904113374603426,0.05138607334144584,0.05104244123711548,0.04982974340944551,0.048913381207705664,0.048023629825218093,0.047497704878291754,0.04708606845975096,0.046008232750656755,0.04524589475836942,0.04492510935387389,0.04388537761706703,0.04298940245972551,0.04267037988299534,0.04164446014510669,0.04091588585289876,0.040181304484470236,0.03884232230263805,0.038430417057459476,0.037491670921683366,0.03722017800221593,0.03665615027310345,0.03573110464430056,0.03538796335780675,0.034999422323228606,0.03482643760847056,0.03214111197768195,0.03165743585384611,0.031227791069841637,0.030659221325087957,0.030158967681061768,0.029752988746732625,0.02925988204580939,0.028901423573291944,0.028488320236093424,0.027729534800088405,0.027311908761801035,0.027129143409566247,0.026799471989043047,0.026380963456683892,0.025929439052899027,0.025679887927713148,0.02548526716735406,0.025243035565148987,0.024933307445707015,0.024832384601056412,0.02438248424199218,0.02398623882649281,0.023770152600716063,0.023638700193692533,0.023266674775228858,0.023191409442706114,0.022967822612898092,0.022646953856841148,0.022458716041819045,0.02232384843249318,0.02216983438559142,0.021925277835828205,0.021739633423220682,0.02160749930602737,0.021335457058696192,0.021152210942097068,0.020955314119786336,0.020576183712387286,0.020451497084622024,0.020123672581604534,0.019902156249994113,0.019767540570711797,0.019775987119938887,0.01950314609281782,0.019333716215833345,0.019209345356678446,0.0190434681167147,0.01886120639059854,0.0186191765123187,0.018433007568635727,0.018389980412864115,0.01823581483905495,0.018103227296041326,0.017844766628615685,0.01777034764935665,0.017569893506400987,0.01748901470343281,0.01729762830570727,0.017139664669247125,0.017058645054352756,0.01695784210752091,0.01661484671128,0.016517861958429574,0.016284679918590957,0.016143510010344857,0.016012640540450675,0.015807074777101516,0.015708077373186153,0.015635968323556654,0.015577360914763725,0.015409460139593788,0.015358144545685069,0.015228267509142066,0.015164103862734712,0.015034295072619771,0.014850319293203535,0.014759493769367344,0.014680937661748276,0.014622396993665368,0.014416733824249274,0.014341540663722535,0.014261892395486428,0.014225624402348695,0.014081647167959729,0.014034464180578543,0.013865777089790482,0.013801384527353645,0.01372785550387139,0.013576905522160525,0.013436800893194822,0.013378191422813148,0.01333703529071559,0.013183513885341752,0.013022427218981393,0.012899300912500286,0.01279896127319803,0.012683630863541136,0.012572637076324587,0.012510091067703696,0.012351165874112462,0.012293440647163043,0.012208214711026328,0.010659359417086853,0.010588780095649057,0.010566261316836259,0.010513215960958396,0.010455239404513988,0.01039553722096871,0.010314304079287594,0.010276669878815415,0.010228145469076931,0.01020137194797401,0.01019358722224746,0.010131501496641531,0.010118298381106547,0.010100766524892127,0.010058976202939086,0.009977782378607252,0.009963482330860543,0.009930196276988204,0.009883442384341235,0.009848948875762912,0.009800622223783046,0.009803880923984301,0.009727836112216339,0.00969070812667226,0.009649749069912403,0.00962062919813847,0.009605636647936342,0.009494635172110865,0.00944046271225099,0.009411176786405505,0.009335570980247133,0.00927700189913223,0.009243338560639405,0.009214305353492384,0.009182797615259619,0.009159802408936876,0.009132737728627056,0.009096988103664006,0.009059953388923693,0.009028863855622689,0.008978722872122402,0.008875386203277134,0.00884245634461747,0.008782410825944663,0.008738182556977132,0.008714957390327144,0.008688784733160652,0.00863844270150451,0.00858566279165216,0.008542590064428647,0.008483534018711245,0.008342907236605116,0.008312187977722554,0.008280886925890794,0.008252557269519909,0.008234747788409064,0.008220288997684533,0.008190819510017046,0.00815865886933629,0.008147844161559909,0.008105484816285749,0.008058574908955911,0.008033753352537906,0.008003400029001576,0.007983694826297374,0.007971871910247147,0.007892850459705709,0.007870958831142177,0.007843254811482889,0.007821876387285574,0.007799291252780429,0.007752170399704604,0.007735552857698539,0.007736376740223717,0.007711797927661668,0.007680836527906042,0.00763842437630583,0.007608180233755721,0.00758166035620195,0.007568933051054064,0.007565565848191083,0.007490323026168769,0.007435830722321152,0.007397166187783702,0.007359252200155567,0.00735977008275379,0.0073433028776428945,0.00731659572227645,0.007290456905954579,0.007276081077021203,0.007242853560035766,0.007237167084272812,0.007164039088858481,0.007162152243670532,0.007151338965391141,0.007107388670565872,0.007071345995653977,0.007048016112520166,0.007026714604296592,0.007006318674892209,0.007004803511303117,0.006999212828056206,0.0069438995500349775,0.0069301560073067,0.006911158966617524,0.006898722151281867,0.006845895975856286,0.0068124228515016585,0.006804759593997773,0.00677051562127632,0.0067644929468387745,0.006693084112985624,0.0066741128233369805,0.006657603927412489,0.006615854283918174,0.006560215765411595,0.006555752996214743,0.006546243036348469,0.006538379371152429,0.006493064747506579,0.0064766370358402044,0.00639959995926619,0.006392466922796711,0.006365791379983208,0.006354782072988657,0.006345548679160964,0.006324083814991686,0.0063112682486786,0.006272057408007918,0.006259560786034195,0.006233915802987978,0.006173232341654058,0.006159307738882807,0.006141444075174185,0.006126691681571968,0.006117215872304847,0.006112907820491012,0.0060958294546860975,0.006088123891757284,0.006066704444078644,0.006030606387027772,0.006023362649963358,0.006007705284126211,0.006004907604097297,0.005980982038689738,0.005919738948236932,0.005920794532625046,0.0058882405478699286,0.00587964073890223,0.005871566981656585,0.0058565406763039065,0.005821118738721664,0.005801099398684447,0.005798816218903217,0.005788919210266241,0.005784799880166591,0.005777124295145356,0.00576702395261759,0.00573696012569912,0.005718997539796499,0.0057038811723388524,0.005676051406976527,0.005643479300630015,0.005625797894245063,0.005613027299511163,0.00561008157661988,0.005603361299797596,0.005582437667269475,0.005560797457423194,0.005560560291779341,0.005549046315315522,0.005529613142650636,0.005529637661406785,0.005512939202758015,0.005468370361331535,0.005459487308132775,0.005457155222021519,0.005439720079075782,0.005429205453211256,0.005395267167507708,0.005384117011311026,0.005375052951922002,0.005361590676412396,0.005356579969631395,0.005345140180041678,0.005331922761831942,0.005321983217122146,0.005321472322295621,0.005322283768649659,0.005293097123953157,0.005278180810344574,0.005267434127700802,0.005264303184907762,0.005245832133075455,0.005221517497136836,0.00521331612396749,0.005200159172173122,0.005186776441443948,0.005173725858535183,0.005167980222284621,0.005160878816718974,0.005150993939464782,0.005142757524926908,0.005129372403537562,0.005121412498504947,0.005093968785992953,0.005086037200161299,0.005077927589115374,0.0050670862429188345,0.0050511041511037335,0.005033961936522405,0.005033573253198363,0.005023497669238207,0.0050130957322335485,0.004981225391267469,0.004981081278561235,0.004960498746754565,0.004945400890136679,0.004940364584850937,0.00493131691597445,0.004931078113669966,0.004929374709474127,0.004925199652908179,0.004912551815626285,0.004908644702457813,0.004892479308385142,0.004892317516261133,0.004891211559759021,0.0048831298224663675,0.0048774057076864455,0.004843235055885497,0.004834816519314061,0.0048344111741199835,0.004828879312090618,0.004824485327620503,0.0048181999545108415,0.004810926445684329,0.004791672683731443,0.004770926457416573,0.004766611167336286,0.004756797590260375,0.004737740891717504,0.004733193048035428,0.004725555949123572,0.004722855361376074,0.004719731365196535,0.004703700878912453,0.004697646045184784,0.004692404192549318,0.00468528760558392,0.004678596240422649,0.004659655459443298,0.004660544503447159,0.004638096887503101,0.004637713666189436,0.004634591365959743,0.00462399009484759,0.004594807254418261,0.004572288411587481,0.0045659462913358135,0.004560777873205956,0.004549411139150148,0.004541750299810203,0.0045212039343731514,0.004518925429279161,0.004511098821945497,0.004506348012855293,0.004502694647479697,0.0044996459730510295,0.004474056990734597,0.004459719082743595,0.0044529566302182405,0.004438475337418642,0.004426721421312077,0.004419274988482023,0.0044094306067564756,0.004380903595469347,0.00437724811013926,0.00436638363396329,0.0043371888568597096,0.00431386531378675,0.00431386531378675,0.00428794453768161,0.004281570122905868,0.004281591142965496,0.004262022919403016,0.00425097454464566,0.004242966828184998,0.004229366622534144,0.00421816250534547,0.004218278116454073,0.004203885097217117,0.004204466075315647,0.00418791438874677,0.00416817536524383,0.004160112104772159,0.00413991450838152,0.004139238030589033,0.004095165919446675,0.004089285121561984,0.004091864172445154,0.004085342223985923,0.0040840690732469416,0.004077593642736653,0.00406807661315804,0.004060702248929952,0.0040529120063229765,0.004041041905615388,0.004039273452983833,0.004036454274536935,0.004028230873796221,0.004028230873796221,0.004026901752902335,0.004026758332672473,0.004021290483805953,0.004021933683693674,0.004021584966551839,0.004011032452395104,0.00400052195123619,0.003995033889726605,0.003985547298535595,0.003930655740976111,0.0039260482334943225,0.003918861865284443,0.003906503398172122,0.0039060624791085936,0.0039044677411370866,0.00389992188422547,0.0038833263671192502,0.0038833263671192502,0.0038777363264138795,0.0038715550518337847,0.0038717426893947276,0.00387065762970507,0.0038669477056364693,0.003863659991187583,0.0038600810609573126,0.0038440187896806627,0.003838642499587838,0.003821318310667197,0.00381618216618483,0.0031442051732405592,0.003134237971617273,0.003133544536703139,0.003133061797812618,0.0031284734001095402,0.0031271360531528506,0.0031121002485409084,0.0030937201411145366,0.0030940272150807076,0.00309376057883352,0.0030943019339213364,0.0030868237948493615,0.0030750581807232986,0.003071544099302388,0.0030644695577610906,0.0030561174429458173,0.003051855608450724,0.0030473133788739355,0.003039922478065496,0.003038089697794677,0.003029075655958945,0.0030279011855455684,0.0030214690492480546,0.0030215576344625136,0.0030037732961322727,0.0029908338793325894,0.0029876250034374502,0.0029876250034374502,0.0029867947186000467,0.0029859704082623945,0.0029801836626198804,0.002979406496110866,0.0029717062065075114,0.0029687169219544452,0.002965701475579922,0.0029607474293042767,0.002950569464211545,0.0029424725249221394,0.0029381701858017225,0.002928436760412831,0.0029268354890581417,0.0029251628941513483,0.0029164854777911633,0.0029121715009480104,0.0029120639193488352,0.0029120178928970183,0.0029100280495230374,0.0029036947224285632,0.0029002614972548904,0.0029025386443569407,0.002902717100738708,0.0028832580085324843,0.0028730406874485433,0.002872714633679364,0.0028690356382986056,0.002866670876196772,0.002864471318050334,0.002857231885049371,0.002853113898245358,0.002846252199062562,0.002845630182321434,0.0028443884243869975,0.002844406783954195,0.002841915987570662,0.002840689637080683,0.002836696997051187,0.0028340048981283267,0.002819645686677935,0.002812852290634568,0.002799782845621118,0.0027814242749402236,0.0027814164627087993,0.0027816665993999476,0.002769074857124446,0.0027679409910656223,0.002764424297811987,0.002756713043441747,0.0027484801105645,0.0027423465175467525,0.0027288905310260646,0.002724148275138815,0.0027166430465060867,0.002713676071163503,0.002709827110604141,0.0027035089908922995,0.002700280765697865,0.0027002809930637786,0.002700790974414225,0.002695890277838117,0.002695507827076947,0.002687219357968627,0.0026867877980963316,0.0026867877980963316,0.0026774873127281278,0.0026695498811401034,0.0026654568377495794,0.0026584407479612947,0.0026583318136547897,0.0026554694047723807,0.0026520626509359125,0.0026484190768869473,0.0026420717834922526,0.0026420760707424732,0.002641765902437192,0.0026382731783777136,0.0026345471915015187,0.002631830616485706,0.002632026985972383,0.002631365492805413,0.0026213873181874297,0.002617589730128326,0.0026076153423292545,0.002602815020475371,0.0025988342316935406,0.002599123543812482,0.002595551899490553,0.0025945277446420964,0.0025887246669619403,0.0025865990727660395,0.002579795203807316,0.0025776646334969874,0.002572527739619321,0.002557808624798228,0.002555534678238116,0.002555483522914652,0.0025463191140139402,0.0025391334511682805,0.002539035566736825,0.0025242086235586353,0.002520975040235258,0.002521068070446717,0.0025187384085617547,0.002515456463368632,0.0025051922261579204,0.0025055433150947557,0.0025055930082835123,0.002501196470321166,0.0024999223332021828,0.0024959614272507236,0.0024920195369358073,0.0024915983558921498,0.002484976236592834,0.0024810948851906284,0.0024808072404115355,0.002480065785962637,0.0024769577009256375,0.002475155770499759,0.0024747852655110205,0.002475217936240955,0.002474899322210883,0.0024632837278811904,0.0024547085771253283,0.00244728958491488,0.0024447206094915506,0.0024447827600177817,0.0024448362464425445,0.002440130016691467,0.0024389867910229648,0.0024389759479494537,0.0024390150605884814,0.002437614205272815,0.0024375976876035285,0.0024282198875698567,0.0024214404396266753,0.0024212433736811004,0.0024216627108392457,0.0024222503410225903,0.0024063664061968466,0.0024063664061968466,0.0024040821298065996,0.0024036722395251765,0.0023900248112718753,0.002388880302354598,0.0023851752769064307,0.0023842148414915283,0.0023831871342672247,0.002379578305097739,0.002375708164044497,0.002373583536481276,0.0023640399221388705,0.002360035535174227,0.0023588644439912865,0.0023559127033069152,0.00235384639210609,0.002353991469686124,0.0023458220246739244,0.0023446815192341517,0.002344372390629737,0.002338427649954347,0.0023351407653419303,0.0023308844267516996,0.0023214953907436217,0.0023214107150665232,0.0023199757566293067,0.0023186488163439156,0.0023161663504630723,0.0023122685222879266,0.0023118492653936987,0.002309838759115326,0.002307782315765425,0.0022998926736934175,0.0022991236186853405,0.002299131274187146,0.002298763399021699,0.0022994593045533316,0.0022994593045533316,0.002295978312993078,0.002295120279930291,0.0022935217964126144,0.002290127376669098,0.002286408462874774,0.0022802634646115474,0.002280019375105888,0.0022799776350914446,0.0022797898015142586,0.002277401086048467,0.002273237291500006,0.002273018779302235,0.002272689703082592,0.0022659008780468383,0.002263031226039598,0.0022531505203710386,0.00225116966604745,0.0022500414346500993,0.002244842706155829,0.0022450740297297734,0.00224387939394837,0.002242510791870265,0.002232363756567294,0.0022250912687243394,0.0022247096849263267,0.0022237311502882615,0.002223747306779904,0.0022174566859233798,0.002217052982627824,0.002217441679977168,0.0022184519630648316,0.002218338601984207,0.002214617750993889,0.002213045427049046,0.00221011319175565,0.0022101024575098393,0.0022101100894685527,0.0022101502726944314,0.002206257559239475,0.002203792649362761,0.0021971479990632392,0.0021971261743837017,0.0021975022402106114,0.002197572390578043,0.0021958404436554,0.0021958303237103616,0.0021957491150229364,0.002189398070503134,0.0021879320195663395,0.0021880922433802656,0.0021880922433802656,0.0021883291772075383,0.0021883291772075383,0.0021852079504899057,0.0021852972993094697,0.002184695450882973,0.0021814734797341723,0.0021813321297212583,0.0021813753652887625,0.00217977489299704,0.002177434105958589,0.0021693177788000605,0.002169460109056864,0.002168531793404441,0.002168198671816095,0.002168345097851419,0.002161777951322012,0.0021602029255936754,0.002159975008872994,0.002159274848877731,0.0021542032738867825,0.0021542032738867825,0.0021504713295685657,0.0021504291543431526,0.0021506970653964856,0.0021466954320902643,0.002142391309000719,0.002141793042620638,0.002138501693370638,0.002131718771650491,0.002131518714938752,0.002131533547865578,0.0021309571143078693,0.002123188746912942,0.0021149392290392105,0.0021148823401094968,0.0021148823401094968,0.002110101041300042,0.0021101702055479317,0.0021092325739993597,0.002103044087233588,0.0020992471770538094,0.0020992471770538094,0.0020992430765044835,0.0020992430765044835,0.0020992635949036802,0.002098683732409071,0.0020987951857616826,0.0020984328282889603,0.0020984328282889603,0.002097489801296116,0.0020949184933416075,0.0020908200597903404,0.002082788830718893,0.0020830383390311215,0.002079397405813306,0.0020795454029998053,0.002076433333860298,0.002075247897217215,0.0020723424192804155,0.0020715943681170485,0.002071306403201656,0.002070124598526751,0.00207009388801027,0.0020675829586854506,0.002058095857197246,0.0020574880022988496,0.0020579150286677617,0.0020579150286677617,0.0020575671631213833,0.0020557507802492925,0.002053420231773439,0.0020503506194324674,0.0020503506194324674,0.002045320217531356,0.002040502338592559,0.002026552121863605,0.002025563423654885,0.0020260818309661955,0.002026066996705693,0.0020225132876218275,0.0020193171122281253,0.002017931526667307,0.0020178432737320623,0.0020176796602419064,0.0020176796602419064,0.002012987814362955,0.0020125805233823205,0.002012496084299027,0.0020118287710886077,0.002009615222233952,0.0020065774011317236,0.0020059915596102812,0.002005002130886457,0.002005002130886457,0.0020027941233462135,0.0020022507104502023,0.0020010138907930308,0.00198372911684758,0.001982925518672827,0.0019827959092760736,0.0019828089457360606,0.0019828089457360606,0.0019788934882191823,0.0019789163708563194,0.0019774700238432436,0.0019752348467574777,0.001975733582106189,0.001973470895797344,0.0019734753610059783,0.0019734753610059783,0.0019736174483428333,0.001971550302030365,0.001969914856041769,0.0019681903394209435,0.0019655358768852185,0.001959123763640275,0.0019581942542597048,0.001955396291420124,0.0019489228834337975,0.0019346547416045712,0.0019328119273648748,0.001930981253909071,0.0019308132326712692,0.0019308132326712692,0.0019299518206269193,0.0019295902516420899,0.0019295895762532482,0.0019297374112116057,0.0019273950053762584,0.0019262921140329,0.0019262556777228665,0.001926282333807688,0.001926282333807688,0.0019262457568754012,0.001926245372541462,0.0019233721417841684,0.0019233721417841684,0.0019233063009235303,0.001919872053925526,0.001919872053925526,0.0019185838813016724,0.001918662185410917,0.001918662185410917,0.001918662185410917,0.0019185938159715758,0.0019186452440617824,0.001915791623787534,0.0019151775168998577,0.0019139637601387162,0.001910658802301195,0.001910658802301195,0.0019070453767064154,0.0019070453767064154,0.0018990055339036188,0.0018990721379534535,0.0018964074805852163,0.0018847608050373377,0.0018815586470599616,0.0018815586470599616,0.0018815586470599616,0.0018748463640963883,0.0018741050863035013,0.0018708426341828431,0.0018695935750471656,0.0018647382212362764,0.0018647382212362764,0.0018647382212362764,0.001864551598991112,0.0018619915255558741,0.001858786096641027,0.001845099570843911,0.0018444615141122104,0.001841692718243998,0.0018418908973178328,0.0018411933994691538,0.0018412189062751718,0.0018412140255317912,0.0018388915897914475,0.0018345058425497877,0.0018232326096799057,0.0018234369589544975,0.0018146892326170883,0.0018146726127344524,0.0018142652448409147,0.0018136519006329119,0.001813648192320667,0.0018106571884373087,0.0018040109008053316,0.0018033918349818921,0.0017992805018942643,0.0017995864276520433,0.0017988275908359156,0.0017989941891650644,0.0017911237361932892,0.0017916844256444472,0.0017885442564419716,0.0017887406631637579,0.0017894047688725605,0.0017886750114487592,0.0017863801219264231,0.0017813437197257984,0.0017806431441898416,0.0017806961946827714,0.0017796283158078591,0.0017798811392727625,0.001780638621202602,0.0017806988699511624,0.001780190681642349,0.001780593975862884,0.0017806293037669393,0.0017806080990703439,0.0017731643593678376,0.001771940686482837,0.0017717204875117578,0.0017717232040972025,0.001769379709415206,0.0017690633305737253,0.0017665585459249373,0.0017665585459249373,0.001765253512303816,0.0017624357017242186,0.001762449182522262,0.001762449182522262,0.0017613755100521157,0.0017613755100521157,0.0017609162001258386,0.0017610517979422965,0.0017610875562442173,0.0017611403952856462,0.0017521376913243267,0.0017477438805888958,0.0017453881379512206,0.0017444724406743667,0.0017351808590929977,0.0017331264822023544,0.0017331264822023544,0.0017327478644265256,0.0017321506625221936,0.0017302478829624905,0.0017267529698403673,0.0017193732768734798,0.0017142003022106095,0.0017142003022106095,0.0017119556763821255,0.0017120691176418278,0.0017110900817239028,0.0017075007031022145,0.0017045907819734538,0.0017045907819734538,0.0017012235140811704,0.0016981278657292064,0.001698142129642065,0.0016959284420991864,0.0016958816127649716,0.0016943054320691271,0.0016916874328050944,0.0016916236946486638,0.001687687803299933,0.001687687803299933,0.0016880030158877176,0.001688247517803533,0.0016849072212908106,0.0016850270180524913,0.001682340284522141,0.0016821009815715664,0.0016690176834494779,0.001668873852793343,0.001666233260798699,0.0016661218347511953,0.0016612979155862665,0.0016612868929528,0.0016555188387943065,0.001655390955685635,0.0016550384769186504,0.0016360319737329812,0.0016354020448348444,0.001630533864764882,0.0016305021228146136,0.0016305209469440135,0.0016278045793492026,0.0016278045793492026,0.0016249491670496078,0.00162515149617936,0.0016207250411025354,0.0016207250411025354,0.001620343992171369,0.0016164881809421084,0.0016099504890203999,0.0016035540436951847,0.0016043770109676141,0.0016043712001687783,0.0016030561284215861,0.0016030561284215861,0.001599604311943071,0.001599576010522546,0.0015986890306593565,0.0015983670059811414,0.001598595373129812,0.0015987170445656252,0.0015929686684372285,0.0015898346238564388,0.00158390507692507,0.00158390507692507,0.00158390507692507,0.00158007703781112,0.0015800690795490437,0.001572885039385564,0.0015699903087857616,0.001570047823158046,0.0015704336991324472,0.0015704236378181115,0.0015692155192154394,0.0015686968136214166,0.0015679218095326088,0.0015681945608002315,0.001566072508450409,0.0015660502689165935,0.0015659964177670042,0.0015565827602292543,0.0015565827602292543,0.0015565498988007063,0.0015564224623007556,0.0015562311165853064,0.0015536308247870577,0.0015536746045973074,0.001553186235142602,0.001552632242847157,0.0015526644954702534,0.0015503021476145219,0.0015492605419780315,0.0015483168971005413,0.0015483168971005413,0.0015483925622596377,0.0015483925622596377,0.001548323287573687,0.001548323287573687,0.001547889510905208,0.0015479092068746674,0.0015479147160495379,0.0015476049570848666,0.0015476214082962999,0.0015475158654385762,0.0015459723886757583,0.0015412491388031326,0.0015405351326411027,0.00153950301863617,0.0015398650589401005,0.0015398650589401005,0.0015274444909619208,0.001525255046445422,0.0015194904831104658,0.0015194904831104658,0.001517955661564621,0.0015179748913069118,0.0015162065080976605,0.0015129522954694648,0.001512644260391761,0.0014993295437413052,0.0014952735021184908,0.0014927700818112002,0.0014923563315327759,0.0014902768913435263,0.0014902768913435263,0.0014829366169622088,0.0014796411993414794,0.0014794730577310977,0.0014795067721701043,0.001479574529064944,0.001479574529064944,0.0014795657823102114,0.001478847702169543,0.0014779565724518072,0.0014777429658149432,0.0014771582832014748,0.0014771582832014748,0.0014771582832014748,0.0014764795405839384,0.001476510832178507,0.001475185172779721,0.00147568645902183,0.0014758772859309562,0.0014756909755738964,0.0014756909755738964,0.0014734516580491616,0.0014656439071656804,0.0014647524355558472,0.0014471612956868864,0.0014462376057597054,0.0014462376057597054,0.0014462605371219918,0.0014427586091021215,0.001439047104741367,0.0014367372457668713,0.001436495446380861,0.0014303989585943502,0.0014303989585943502,0.0014304330757583137,0.0014304330757583137,0.0014289225662386532,0.001428996190169001,0.001428996190169001,0.0014292115449885815,0.0014289151822577336,0.0014262125198406914,0.00142628282948145,0.0014263079708259057,0.0014263285007380412,0.0014263361146028151,0.001426258290863633,0.0014173282267272104,0.0014173282267272104,0.001417418217549095,0.0014174127882966294,0.0014174127882966294,0.0014153807371178068,0.0014114164447835277,0.0014116294462661085,0.0014116294462661085,0.0014114679958288211,0.0014114679958288211,0.001410455837872069,0.001410455837872069,0.0014099265448759024,0.0014099265448759024,0.0014065672364928508,0.0014029686964801542,0.0013849744252632122,0.0013849881781824304,0.0013849881781824304,0.001385202939315658,0.0013847564881170336,0.001384531597067941,0.001384531597067941,0.001384531597067941,0.001383799421744698,0.001383760558394149,0.0013819271564134321,0.0013667773036354783,0.0013665976597694288,0.0013665976597694288,0.0013665976597694288,0.0013666913244048593,0.001366743664038344,0.001366743664038344,0.001366743664038344,0.0013667430534618687,0.0013652959771378456,0.0013650563008666538,0.0013619702777825141,0.0013619270947759475,0.001360051771030643,0.001360051771030643,0.0013591173964230005,0.0013591058677100074,0.0013591058677100074,0.0013586576744383846,0.0013586325382737025,0.0013582929586793023,0.0013572981219823908,0.0013572981219823908,0.001356131515296364,0.0013562313258767813,0.0013549686716158834,0.0013549686716158834,0.0013549686716158834,0.0013549686716158834,0.0013549686716158834,0.0013539837207368036,0.0013530477462498503,0.0013530477462498503,0.0013481637820374744,0.0013466221468269577,0.0013461914719162186,0.0013462336788960213,0.0013427858527771393,0.001342215803704899,0.001342215803704899,0.0013421993887775133,0.0013420914540975542,0.0013419839147105889,0.0013409492911479809,0.0013371316821765788,0.0013371316821765788,0.0013361862070180005,0.0013363537435711497,0.0013364388968197566,0.001336390847953206,0.001334769049938739,0.001333764802988498,0.0013332876282767974,0.0013314237210318213,0.0013291340639128122,0.0013291340639128122,0.0013291548113388647,0.00132777907147915,0.0013278214818075193,0.0013276476008424812,0.0013276476008424812,0.0013276476008424812,0.0013272929357651642,0.0013137437585961393,0.0013136660385569322,0.0013136216477320922,0.0013133328373503643,0.0013132951908296896,0.0013131950708250364,0.0013125037367378398,0.0013124551290043273,0.0013124551290043273,0.001309436995460489,0.001309425155902739,0.0013064590049464968,0.0012997054532185451,0.0012997054532185451,0.0012963087359352244,0.0012962660138977062,0.0012963190633761943,0.001293684262025552,0.0012935001810508756,0.001290057270365374,0.0012894300169389024,0.0012880135337446353,0.001285868441769787,0.001285868441769787,0.0012858513044232188,0.0012858985729748802,0.0012858526064476348,0.0012847606813785285,0.0012847945181680626,0.0012847379506742904,0.0012843317108182746,0.0012840244740994493,0.0012834307828158461,0.0012834762082291852,0.0012798621126658325,0.0012798621126658325,0.0012798842761346607,0.0012798932001504516,0.0012795890915082836,0.0012791724151637943,0.0012791724151637943,0.0012737148493808185,0.0012737004466269,0.0012737004466269,0.0012736881094833911,0.0012736645136658647,0.0012723062641343092,0.0012720226495354847,0.0012720226495354847,0.0012719493178480188,0.0012719137389823347,0.0012719137389823347,0.0012680278423531457,0.0012680592322918097,0.0012680592322918097,0.0012680592322918097,0.0012680543493985672,0.0012643016275088186,0.0012630720193517275,0.0012497326585367947,0.0012466408385970588,0.0012464992277953174,0.0012464992277953174,0.0012464992277953174,0.0012461413693393365,0.0012461413693393365,0.00124602134055721,0.00124602134055721,0.001246036514907836,0.001246036514907836,0.001246077693176968,0.0012461558700614013,0.0012461636663279301,0.0012434415993657225,0.0012434415993657225,0.0012434415993657225,0.0012434415993657225,0.0012434280248479848,0.0012434104258479913,0.0012427123478548506,0.0012427370842144558,0.001242645063330834,0.001241758715738267,0.00124026976114386,0.0012395321376136245,0.0012395321376136245,0.0012395232452835578,0.0012395169693525626,0.0012391627926703628,0.0012391627926703628,0.001239159894427861,0.0012391788805288513,0.0012391486990285324,0.0012388297283202848,0.0012279311902638824,0.0012278492748894617,0.0012263514757631525,0.00122642626011041,0.0012262842747120283,0.0012263391356651288,0.0012262006476108618,0.001216640959223832,0.0012166608080642386,0.0012127129009144792,0.0012126785181655296,0.0012118939086992596,0.0012119056823941955,0.0012115318076719,0.0012115318076719,0.0012110102873595173,0.0012110104828395416,0.0012110104828395416,0.0012044512845078583,0.0012044904570580168,0.0012046267502616712,0.0012045175443786559,0.0012040574715560476,0.001203167099428632,0.001203167099428632,0.0012024988747910423,0.0012025389379556179,0.0012016688484405783,0.0011976539584119218,0.0011974852965082321,0.0011974852965082321,0.0011947958416950455,0.0011939256078969743,0.0009097170131519012,0.0009094497402580058,0.0009093652190598885,0.0009093192881923582,0.0009094397595458763,0.0009091846180282728,0.0009091913657856004,0.0009091716017672461,0.0009027523304564361,0.0009002941366517643,0.000899804556160757,0.0008999930795898221,0.0008969624453046076,0.0008950346760260077,0.0008950633843746419,0.0008949334347555654,0.0008949334347555654,0.0008949340671517126,0.0008899545687955788,0.0008899614524660282,0.0008899614524660282,0.0008899824634466339,0.0008899600884175788,0.0008839443332348756,0.0008839183510918528,0.0008839190650248796,0.0008839190650248796,0.0008838846673934433,0.0008802314233017274,0.000876564794356197,0.0008754762670098873,0.0008754387893335418,0.0008754999964049122,0.0008754976810191857,0.0008755220317309676,0.0008753567985479382,0.0008754360729718553,0.0008752036555853506,0.0008752036555853506,0.0008752036555853506,0.0008634992157870339,0.0008634992157870339,0.0008634992157870339,0.0008635037014183889,0.0008635372158471337,0.0008635372158471337,0.0008632619369930334,0.0008632379705482382,0.0008618014163598198,0.0008618014163598198,0.0008616292967695216,0.0008616186858526942,0.0008602831137836458,0.0008602831137836458,0.0008600127211335682,0.0008595561090393081,0.00085953251255746,0.0008590623866696379,0.000859049383924235,0.0008590786193560867,0.0008586452203063481,0.0008580784797831636,0.0008552841672017641,0.0008552868739627913,0.0008519475896924444,0.00085095617595318,0.00085095617595318,0.0008502972554121657,0.0008502939678303469,0.0008437771202802751,0.0008433852738263016,0.0008433852738263016,0.000843325757128802,0.0008406602256820205,0.0008406602256820205,0.0008406711608199769,0.0008382155459565635,0.0008382155459565635,0.000838220587719028,0.0008381996535907286,0.0008378764454666307,0.0008377847621213075,0.0008356460621170621,0.0008352441397121014,0.000831653078338803,0.0008315590351271689,0.0008314500852807952,0.0008314506482100839,0.0008314489210524702,0.0008301582520606747,0.0008301401336810694,0.0008267358172688662,0.0008267358172688662,0.0008267448277822233,0.0008231882770102426,0.0008230870245862446,0.0008230910302513176,0.0008230764881643933,0.0008229332841017016,0.0008228918580051875,0.0008227525212214728,0.0008227816018186346,0.0008226852696221146,0.0008219246854133073,0.0008218541047807908,0.0008217598973085047,0.0008202622861994985,0.0008201886210703265,0.0008201886210703265,0.000819782374739132,0.000818673171966307,0.0008187730152365384,0.000818813922824152,0.000818813922824152,0.00081850447242523,0.0008176929661682017,0.0008176929661682017,0.0008177053153011001,0.0008177322603659206,0.0008176948283618315,0.0008170118127999554,0.0008168692208274951,0.0008168603804747228,0.0008163105175368778,0.0008156458949653196,0.000815436955150242,0.0008153702024998924,0.0008152227511962784,0.0008152594877342242,0.0008152328894925636,0.0008152609174265277,0.0008131906755596085,0.0008131906755596085,0.0008131230837597443,0.0008114770030155793,0.0008114011504999357,0.0008114724760285497,0.0008114724760285497,0.0008115345164908991,0.0008102368844009853,0.0008104836858464718,0.0008104836858464718,0.0008094776398255389,0.0008095109008436779,0.0008095632630951078,0.0008100593662700809,0.000809692344171613,0.0008096892389535981,0.0008096865300763497,0.0008090571690120682,0.000808430197786191,0.0008058054900575068,0.0008052342178050321,0.0008045621689707678,0.0008045355104744545,0.0008042891885517991,0.0008034925831976119,0.0008030371362419728,0.0008030113619231396,0.0008010266056170255,0.0008010569247765349,0.0008009365058308486,0.0008009343298403868,0.0008002503723449456,0.0007993365345828466,0.0007992144714660551,0.0007992089877024403,0.0007990931273959331,0.0007991556106716997,0.0007991246352720484,0.0007991311563374504,0.0007989411424419808,0.0007979508857216083,0.0007979362325580325,0.0007979354312958178,0.0007979354312958178,0.0007969758976013715,0.0007968609802326558,0.0007967964265390788,0.0007968635079597288,0.0007968774012936278,0.0007953381973109661,0.0007952379418650528,0.0007952045313364346,0.0007918223794652016,0.0007918223794652016,0.000791834896528223,0.0007917801432774179,0.0007917801432774179,0.000791647214724619,0.000791647214724619,0.0007916746295031505,0.0007917084455950854,0.0007912407489549485,0.0007912277877721108,0.0007903302008418949,0.0007903302008418949,0.0007902729708169804,0.0007903478390059584,0.0007903251359906538,0.0007903217860158916,0.0007903424969678061,0.0007903233222506795,0.000790272067822517,0.0007891129595896893,0.0007891907776899849,0.0007889372931098084,0.000788903264498874,0.0007888846987678426,0.0007887851051372272,0.0007887119958799796,0.0007887159600423877,0.000788656587925779,0.0007881835444641832,0.0007881835444641832,0.0007881835444641832,0.0007875505630055699,0.0007862828965927393,0.0007862828965927393,0.0007863890936214577,0.0007863608348520124,0.0007863608348520124,0.0007863811099325693,0.0007862848942766412,0.0007856062509026798,0.0007854603981857067,0.0007853366029734932,0.0007853366029734932,0.000785130341433317,0.0007849960383558648,0.0007849853271697625,0.0007849586198300313,0.0007848700765049909,0.0007850804183677205,0.0007834445016535952,0.000783329369693435,0.000783296954321558,0.0007833119493988436,0.0007824355395137412,0.0007824355395137412,0.0007824144664534494,0.0007824144664534494,0.0007813934092418477,0.0007813934092418477,0.0007813992033101605,0.0007782801363873346,0.0007758631147783205,0.0007759209660748252,0.0007759565217914614,0.0007759565217914614,0.0007759313800502435,0.0007759659255770952,0.0007758799403102659,0.0007761083578770053,0.0007761171592724305,0.0007759343675587855,0.0007759431879666547,0.0007759853514593695,0.0007759853514593695,0.0007759853514593695,0.000776066191747193,0.000776066191747193,0.0007758814548980609,0.0007757262002222814,0.0007757262002222814,0.0007754300067948876,0.0007754300067948876,0.000775276745843914,0.0007724676489907122,0.0007708094329989898,0.0007708021959105733,0.0007707350288226327,0.000770777068156487,0.000770827109917266,0.0007708226633935382,0.0007708226633935382,0.0007708389349462467,0.0007708389349462467,0.0007708389349462467,0.0007708389349462467,0.0007707595755486429,0.000770799079319165,0.0007707457188635457,0.0007706404990318325,0.0007694917695798058,0.0007694886843084599,0.0007688569368863791,0.0007686700117975309,0.000767718722361277,0.0007676873459078663,0.0007654985925770694,0.0007654985925770694,0.0007654758472477616,0.000765406202374098,0.0007652666799251666,0.000762953149197126,0.0007629157354438762,0.0007629606753925341,0.0007629606753925341,0.0007629822021422807,0.0007629822021422807,0.0007630320072253823,0.0007630124842586167,0.0007630124842586167,0.0007630617896133227,0.0007631489805802173,0.000763039894859265,0.0007630426666165033,0.0007630652899118368,0.0007630652899118368,0.0007631273259269839,0.0007624842521884685,0.0007624842521884685,0.0007625172073491085,0.0007573911496307713,0.0007568029887924972,0.0007548555649798524,0.000754823273617671,0.0007546637295107382,0.0007547510389664665,0.0007546971106864474,0.0007546040457861149,0.0007546040457861149,0.0007546097015060986,0.0007546097015060986,0.0007546097015060986,0.0007545643112598756,0.0007545603253929738,0.0007541560953076778,0.000754152797851671,0.0007539329563138399,0.0007537625142276423,0.0007531331510069849,0.0007531331510069849,0.0007531390187592379,0.0007533037789636252,0.0007533763309906345,0.0007512343658295384,0.0007507268159854134,0.0007507268159854134,0.0007507276708387331,0.0007484218152853117,0.0007484788496907351,0.0007485971699703422,0.0007486072013555855,0.0007485960112824297,0.0007485960112824297,0.0007485030580199921,0.0007484917587432859,0.0007478942496489739,0.000747903818222413,0.000747903818222413,0.0007479725525780243,0.0007479106162121692,0.0007479043092345091,0.0007479043092345091,0.0007478899093076778,0.0007478954886714626,0.0007477689806861866,0.0007477689806861866,0.0007464964754650139,0.0007463403350158434,0.000746308250679953,0.0007462990228605926,0.0007463740439025257,0.0007463211576784344,0.0007463211576784344,0.0007463030698686273,0.0007460880442680759,0.0007460928467188186,0.0007460928467188186,0.0007460347802950556,0.000745822026164461,0.0007455111211653848,0.0007454952902354584,0.0007452492171577314,0.0007444359186212097,0.0007444028615091813,0.0007444028615091813,0.0007443116028024718,0.00074420514116368,0.0007441310291231646,0.0007442014859588471,0.0007420980207139082,0.0007421528808142717,0.0007419998758425318,0.0007419998758425318,0.0007420042641904165,0.0007420021651593754,0.0007417424074357353,0.0007416292891758183,0.0007410890600843291,0.0007410890600843291,0.0007407142342774236,0.0007406101271419785,0.0007401743616434937,0.0007350082683464034,0.000734970966374842,0.000734970966374842,0.0007343765851970658,0.0007337921668511365,0.0007335189904188629,0.0007335189904188629,0.000733474239136056,0.0007335002082291405,0.000733543324553467,0.0007335487275335511,0.0007335334458198142,0.0007335536735213997,0.0007335536735213997,0.0007335246714769309,0.0007335216114963719,0.0007335216114963719,0.0007334562007004499,0.000733424181662965,0.000733424181662965,0.000733424181662965,0.000733424181662965,0.0007334429399206697,0.000733411657403936,0.0007334194453948204,0.0007334211604436367,0.000733447721958345,0.0007332656558233832,0.0007326144783329601,0.0007328997745141379,0.0007328520419190483,0.0007328520419190483,0.0007328520419190483,0.0007328520419190483,0.0007308107758986107,0.0007309125482608217,0.0007309125482608217,0.0007309461384183183,0.0007299819130253873,0.0007299819130253873,0.0007263980216756529,0.0007263387760238153,0.0007263446719162895,0.0007263252178396343,0.0007260463582670623,0.0007257593687987815,0.0007254870692793274,0.000725374890984374,0.0007253803268784301,0.0007254167882646987,0.0007247189560534563,0.0007246968074031007,0.000724664252416759,0.0007240248202332534,0.0007240331650343807,0.0007241012232048218,0.0007241087204778407,0.000724128356179798,0.000724222293953589,0.0007242192831316824,0.0007242192831316824,0.0007231063737176424,0.0007218003602112406,0.0007218537297947689,0.0007218677774562148,0.0007218457342636224,0.0007218982546884128,0.0007217813120949843,0.0007217813120949843,0.0007201666509973184,0.0007201510376481624,0.0007202585061832183,0.0007201263378592939,0.0007201601462087481,0.0007197344628749053,0.0007197309945430253,0.0007197761060641388,0.0007197761060641388,0.0007197710731999392,0.0007171847995128309,0.0007169221628652104,0.0007156709208718675,0.0007156709208718675,0.0007156660932655222,0.0007157911286731301,0.0007158847844012272,0.0007154972891417227,0.0007154254316779842,0.0007152348348524987,0.0007144089949242594,0.0007144077609544434,0.0007146746090980063,0.0007148605117823941,0.0007147971537612642,0.0007141455725219349,0.0007141889678448485,0.0007129459814681097,0.000713072123791339,0.0007129425273988793,0.0007129540796654668,0.0007129872726170449,0.0007129872726170449,0.0007129663217599691,0.0007114489395524047,0.0007113208311965722,0.0007112571989865369,0.000711186884107875,0.000711090048225744,0.0007110967582577885,0.0007109858065553143,0.0007109900399019422,0.0007109900399019422,0.0007108924407074234,0.000710877763262382,0.000710877763262382,0.0007108912734196541,0.0007109106646227171,0.0007100500656395994,0.0007100240509297818,0.0007100170916797733,0.0007100170916797733,0.0007101214443243818,0.0007101331485748402,0.000710112671119405,0.0007101351399870716,0.0007100263692792125,0.0007096952758958249,0.0007095327224213816,0.0007095330190577735,0.0007077806315435891,0.0007077106920782478,0.0007076956348463009,0.0007076453832898519,0.0007076453832898519,0.0007076084149564707,0.0007076362886422995,0.0007075690928138603,0.0007076849344574541,0.0007076566996694472,0.0007074676241939479,0.0007074782250766348,0.0007075398978219839,0.0007075586489406823,0.0007074617746591131,0.0007074617746591131,0.0007074089195554402,0.0007074348724171899,0.0007074055668240401,0.0007073713278891307,0.0007073181935695797,0.0007071717533115555,0.0007071775524483424,0.0007070946887055708,0.0007070946887055708,0.0007070641098412727,0.0007071013903104643,0.0007070690969679304,0.0007070536450563879,0.0007070135784556605,0.0007069901088878693,0.0007069901088878693,0.0007069370742867268,0.0007069361705684176,0.000706981883851309,0.0007061990726333661,0.0007061990726333661,0.0007062188835357366,0.0007062188835357366,0.0007062188835357366,0.0007060447443683237,0.0007060447443683237,0.0007060071112473175,0.0007060071112473175,0.0007059840580267286,0.0007059557193466327,0.0007056993444640201,0.0007056993444640201,0.0007058211833661815,0.0007057581453207405,0.000705686471423067,0.0007039586566691624,0.0007039198223153805,0.0007039198223153805,0.0007039198223153805,0.0007039006810340416,0.0007029136823336547,0.000702908891985759,0.0007028702383179973,0.0007028670329714112,0.0007005084598813377,0.0007005084598813377,0.0007004623213300596,0.0007004623213300596,0.0007001217553231994,0.000700104716980094,0.000700104716980094,0.0007001116254841115,0.0007001325425360394,0.000699888299401574,0.0006998956503031119,0.0006998194742365898,0.000699867887212743,0.000700035751380898,0.0006971584528646021,0.0006965670882269044,0.0006965670882269044,0.0006965613514072036,0.0006965613514072036,0.0006965225933942006,0.0006965285769244048,0.0006964840018103993,0.0006966977777695917,0.0006966789617494851,0.0006965615699921107,0.0006961367753438534,0.0006961367753438534,0.0006960749936865427,0.0006959961248445057,0.0006941136258303796,0.0006941147664885244,0.0006932359870943493,0.0006932238454205272,0.0006932178569876183,0.0006932193792725238,0.0006932331414879609,0.0006932331414879609,0.0006931884744004039,0.0006929792034162668,0.0006929603957360323,0.0006929172801792811,0.0006919685385854329,0.000691589541559076,0.0006915379393840747,0.0006915247022821105,0.0006907833040244256,0.0006907833040244256,0.0006907833040244256,0.0006907696266666791,0.0006907709104300775,0.0006907709104300775,0.0006908132611448809,0.000691196427089556,0.0006910734943602698,0.0006911371356885846,0.0006910842693339133,0.0006910842693339133,0.000691074241217643,0.000691074241217643,0.000691076072669161,0.000691034496933732,0.0006903301105460432,0.0006903393541646389,0.0006902993868846102,0.0006902510782523787,0.0006903098748649991,0.0006902249587580369,0.0006895532548961033,0.0006885918818011298,0.0006866393386254478,0.0006866718671208868,0.0006866839639713006,0.0006867095147144374,0.0006867095147144374,0.0006867095147144374,0.0006862372364579403,0.0006862037551643753,0.0006859665986790794,0.0006859579423469863,0.0006852652962113408,0.0006853597310635184,0.0006853597310635184,0.0006853597310635184,0.0006853483052931274,0.0006853780139835693,0.0006853780139835693,0.0006854111241878355,0.000685451736525566,0.000684902187947298,0.000684902187947298,0.0006826229949279635,0.0006826929878068148,0.0006826929878068148,0.0006827134017166668,0.0006826825046534216,0.0006826087721287448,0.0006825129289930721,0.0006824781967277997,0.0006824048651434346,0.0006824233958413874,0.000682315618422872,0.0006823562083437537,0.0006823336290215997,0.0006823182662924693,0.0006823225358632374,0.0006824002835681821,0.0006824002835681821,0.0006823877626424098,0.0006823877626424098,0.0006823877626424098,0.0006823471412988477,0.0006823252435613057,0.0006823240623503783,0.0006823240623503783,0.0006823589159006866,0.0006823523573781078,0.0006822584196692278,0.0006823520882349462,0.0006823619018237233,0.0006824682659713677,0.0006824333227625354,0.0006824623926766471,0.0006822942649111999,0.00068229516063023,0.0006821672019395685,0.0006820836392880037,0.000682156170078929,0.0006820157379229701,0.0006821177380965081,0.0006820945420776506,0.0006820945420776506,0.0006820634569866693,0.0006820229726213829,0.0006795282930109266,0.0006794039499152903,0.0006793867801964034,0.0006793475616727408,0.0006793475616727408,0.0006792734910119469,0.0006792734910119469,0.0006792469282178045,0.0006793308378918933,0.0006779682403241886,0.0006779682403241886,0.0006780138388666969,0.000678053551121942,0.000678053551121942,0.000678053551121942,0.0006776201915961414,0.0006776179066695559,0.0006776179066695559,0.0006776179066695559,0.0006775713488152987,0.0006775424245537277,0.0006776069228582197,0.0006775635688549545,0.0006773723499553113,0.0006775011561104304,0.0006773148958939667,0.0006773148958939667,0.0006773148958939667,0.000676874483977508,0.000676874483977508,0.0006767771635410664,0.0006767451667638079,0.0006767514308658237,0.0006767514308658237,0.0006767469724999265,0.0006766538715786199,0.0006766538715786199,0.0006766538715786199,0.0006766538715786199,0.000676652022418753,0.0006767084108307777,0.000676671627186158,0.0006765640319631492,0.0006765640319631492,0.0006764658965942313,0.0006764725844179434,0.0006763635629379357,0.0006762467868486684,0.0006743741189555878,0.0006743741189555878,0.0006743257178676954,0.0006743070068810199,0.0006738708994775118,0.0006738708994775118,0.0006738562673987529,0.000673869308801802,0.0006738146930745262,0.0006738012175119412,0.0006738466582392753,0.0006720556907670462,0.0006720556907670462,0.0006720530349006308,0.0006720344640479488,0.0006714515615699249,0.0006714515615699249,0.0006714399790893261,0.0006714399790893261,0.0006714248577070449,0.0006714248577070449,0.0006712988246199748,0.0006712352256598298,0.0006712324161998979,0.000671162365549017,0.0006711700197448615,0.000671125047245306,0.0006711099687944023,0.0006711647756365919,0.0006697174492964628,0.0006663810163438675,0.0006663810163438675,0.0006656748066820847,0.0006657002803363499,0.0006656898040654326,0.0006656900637647099,0.0006656906869904235,0.0006656906869904235,0.0006655753205129263,0.0006655753205129263,0.0006655753205129263,0.0006648138105854465,0.0006648138105854465,0.0006648217958545009,0.000664646795434452,0.0006645243424899085,0.000664545013503391,0.0006644266422714169,0.0006644056536991896,0.0006644056536991896,0.0006643265925636099,0.0006617652794601954,0.0006617645350859148,0.0006617645350859148,0.000661706335192479,0.0006617084142578448,0.0006617016395112369,0.0006617016395112369,0.0006616831607277567,0.0006616450834817125,0.0006615655973125784,0.0006613599765566486,0.0006610988352030438,0.0006607174561866154,0.0006607626393576416,0.0006589865826557256,0.0006564334821016942,0.0006564334821016942,0.0006564579174320034,0.0006564530894108,0.0006564652779707151,0.0006564652779707151,0.0006565018392762728,0.0006564046017441819,0.0006495615020908153,0.0006495683468705457,0.0006494327116321007,0.0006494790933174603,0.0006494285485892806,0.000648629281182076,0.000648728873408872,0.0006487861408973632,0.0006488894681131829,0.0006488970012639984,0.0006489370406302963,0.0006489370406302963,0.0006489080022746891,0.0006489080022746891,0.0006489080022746891,0.0006489201981364339,0.0006489522330942354,0.0006489017770246675,0.0006488650910930929,0.0006488650910930929,0.000648794450276565,0.0006488000191554235,0.0006457390265216762,0.0006456792899610955,0.0006456400815740584,0.0006456042297325932,0.000645548656853427,0.0006455781170798087,0.0006455781170798087,0.0006458419698097334,0.0006458591760921689,0.0006458591760921689,0.0006458591760921689,0.0006458591760921689,0.000645822366440148,0.0006457838251675552,0.0006457838251675552,0.0006456874491390655,0.0006455514135460816,0.0006456560057001093,0.0006455703591694853,0.0006455168927935653,0.0006454180242928922,0.0006454489085565121,0.0006455012979217113,0.0006453909365386619,0.0006453909365386619,0.0006453759361872154,0.0006453563357707926,0.0006452043723124836,0.0006450796733337815,0.0006449459752665968,0.000644980571221576,0.0006448810014012404,0.0006448810014012404,0.0006449174942801773,0.0006447106346817608,0.0006447106346817608,0.0006447573473477737,0.0006446479216116174,0.0006446562497980194,0.0006446562497980194,0.0006447050921664907,0.0006447451543858481,0.0006447182018489349,0.0006446267601659747,0.0006446267601659747,0.0006444766363439757,0.0006444101913076486,0.0006443975974185415,0.0006443975974185415,0.0006445077482894902,0.000644530983270044,0.0006443556052743219,0.0006443254068832766,0.0006443588521378524,0.0006443681510873097,0.0006444762603859152,0.0006441294222589626,0.0006441571238352555,0.0006441616019162448,0.0006441461325738795,0.0006440801917352007,0.000644085374929909,0.0006437132265338672,0.0006437166324683914,0.0006436385538802466,0.0006436256185453436,0.0006436355489784994,0.0006436273494690635,0.0006436273494690635,0.0006435786636073895,0.0006435648814651006,0.0006435648814651006,0.0006435659435209991,0.0006435659435209991,0.0006435363067162962,0.0006434406264029299,0.0006434406264029299,0.0006434179084885005,0.0006434179084885005,0.0006435130622479034,0.0006435232677089456,0.0006435274957515332,0.0006435274957515332,0.0006431520447572111,0.0006431768761006345,0.0006431252286570376,0.0006431252286570376,0.0006431252286570376,0.0006431700572874128,0.0006432274728971847,0.0006432274728971847,0.0006432274728971847,0.0006432274728971847,0.0006418000613776203,0.0006418228816219423,0.000641828048741687,0.0006417553385422981,0.0006417553385422981,0.0006417568462086866,0.0006417904509983473,0.0006417748781657329,0.0006415276740495224,0.0006415276740495224,0.0006412401952563708,0.0006412401952563708,0.0006404196072256413,0.0006403940708256972,0.0006402493839358322,0.0006402493839358322,0.0006402187992018521,0.0006402187992018521,0.0006401912104516425,0.0006402444016263419,0.0006403017710766446,0.0006402971678470887,0.0006400794029879591,0.0006400794029879591,0.0006400315826906783,0.0006400315826906783,0.0006400315826906783,0.0006400295326676412,0.0006400148395275763,0.0006400409299674627,0.0006400409299674627,0.0006395968970695453,0.0006395890572647725,0.0006395926605379494,0.0006395502334457931,0.0006395582470840122,0.0006395184514461307,0.0006375049231652949,0.0006374990225882984,0.0006374161280785391,0.0006373144632399034,0.0006372380756959463,0.0006372380756959463,0.0006372738391680686,0.0006372738391680686,0.0006371628773213503,0.0006371587889213898,0.0006371561810632228,0.0006370939141400934,0.0006370939141400934,0.0006371344967406976,0.0006371296717042854,0.0006371296717042854,0.0006371296717042854,0.0006337687352042726,0.0006337721911577437,0.0006337658411830501,0.0006337819726656647,0.0006337703377791796,0.0006337421615117096,0.0006337421615117096,0.0006337421615117096,0.000633723608761687,0.0006322496324786782,0.0006321793798252967,0.0006322177015335635,0.0006322223392434923,0.000632194047003901,0.0006321530513606479,0.0006321530513606479,0.0006321582606388812,0.0006322695254169993,0.0006322323716943674,0.0006322849680737917,0.0006322840257080212,0.0006320576054579317,0.0006320576054579317,0.0006320026924817244,0.0006320026924817244,0.0006320687627599571,0.0006319736583434009,0.0006319736583434009,0.0006320569895583408,0.0006320018889375295,0.0006319685114211665,0.0006319685114211665,0.0006319771723863989,0.0006319729222855785,0.0006320217741098486,0.0006320217741098486,0.0006320029533336375,0.0006309041842461418,0.0006309025328619648,0.0006309025328619648,0.0006309025328619648,0.0006308986013466638,0.0006309071736080664,0.0006309071736080664,0.0006308700347581021,0.0006309277136149773,0.0006308358505725272,0.0006308358505725272,0.0006307657643800754,0.0006307363107690314,0.0006307671824193198,0.0006307814345428615,0.0006308028166414272,0.0006307072000329633,0.0006306692632099491,0.0006306762240562308,0.0006306946416766978,0.0006307357155870533,0.0006307001231538933,0.0006307644651877479,0.000630832579324456,0.0006284886313270472,0.0006284912726671261,0.0006284372507648035,0.0006282657305865422,0.0006282435001304202,0.0006282435001304202,0.0006282475195462514,0.0006282475195462514,0.000628176637718664,0.000628176637718664,0.0006281098430338937,0.0006281050891442337,0.0006278988053466518,0.0006278435774410304,0.0006279496444438956,0.0006279650233973924,0.0006278190328843561,0.0006277856322995559,0.0006277856322995559,0.0006277856322995559,0.0006277755119005233,0.0006277755119005233,0.0006276951999923131,0.0006276951999923131,0.0006276198830789346,0.0006276169361218198,0.0006275528306674729,0.0006274870966072874,0.0006273567327424092,0.0006273600018080308,0.0006273640213398394,0.000627379563516167,0.0006274255877357608,0.0006274937956916608,0.0006274937956916608,0.0006274550897583484,0.0006274610963858067,0.0006267812921110063,0.000626709747194388,0.0006267128804819008,0.0006266894981009371,0.0006266334097789285,0.0006266334097789285,0.0006266857189390245,0.0006266857189390245,0.000626703571212603,0.000626703571212603,0.0006267755162846231,0.000626768044534498,0.0006266208595333753,0.0006266065925572628,0.0006266205036369224,0.0006267103102601888,0.0006266808303037515,0.0006266469780804958,0.0006266466398476199,0.000626597920824501,0.0006265606082767535,0.0006265431989719739,0.0006265431989719739,0.0006265431989719739,0.0006237536313743071,0.0006237611749500542,0.0006237305821426928,0.0006237298281032788,0.0006236568961942757,0.0006235149319393819,0.0006235149319393819,0.0006235945891537011,0.0006236919436153077,0.0006236887961008952,0.0006224830250374093,0.0006224934790410347,0.0006224934790410347,0.0006224934790410347,0.0006224124458763228,0.0006223494252001128,0.0006223494252001128,0.0006222446441677503,0.0006222157292465985,0.000622179027445203,0.0006220948134044769,0.0006220948134044769,0.0006220948134044769,0.0006221207270791374,0.0006221596150840068,0.0006221596150840068,0.0006223028973597818,0.000622303129112917,0.000622303129112917,0.0006222699934908156,0.0006222699934908156,0.0006222699934908156,0.000622258029164881,0.0006223455601837337,0.0006224016204425695,0.000622364023850465,0.0006222146095288636,0.0006222996413759212,0.0006223969085147023,0.0006212595338152807,0.0006213183515446616,0.0006213183515446616,0.0006212692424297402,0.0006205161879003369,0.0006205037213181933,0.0006205037213181933,0.0006204956346466396,0.0006204189193125232,0.000620378711522572,0.000620473317464735,0.000620480440192872,0.0006204786814385964,0.0006204639669411275,0.0006204639669411275,0.0006204131056950258,0.000620317154093624,0.000620353792146151,0.000620353792146151,0.0006203269584182734,0.0006203269584182734,0.0006204629258913943,0.0006203759064826484,0.000620362820494254,0.0006202231434805886,0.0006201993459557027,0.000620194443364032,0.0006202016202627975,0.0006201999251737766,0.000620119305449639,0.000620119305449639,0.000620121378805137,0.0006201467519836126,0.0006172041142086766,0.0006170890014313225,0.000617093810475348,0.0006171055339800709,0.0006159261640055605,0.0006158968408000508,0.0006159007338520075,0.0006159007338520075,0.0006159022367828551,0.000615869245632389,0.0006158872115816564,0.0006158872115816564,0.0006158237618338678,0.0006158704724933265,0.0006158704724933265,0.0006158563321837487,0.0006158145925498957,0.0006151474366960787,0.0006151345898812981,0.0006151496379414949,0.0006148047060721587,0.0006148047060721587,0.0006148047060721587,0.0006148267627147526,0.0006148267627147526,0.0006148197254124803,0.0006148197254124803,0.0006149032776688351,0.0006148908669729716,0.0006149666321560132,0.0006149666321560132,0.0006149666321560132,0.0006149546816352976,0.0006149147486815667,0.0006146622399443266,0.0006146413438484987,0.0006145371463118278,0.0006145691236397197,0.0006145059513169875,0.0006145386538990536,0.0006144471529577036,0.00052989655470921,0.00052989655470921,0.00052989655470921,0.0005298505293879316,0.0005298711670876469,0.00052985067099815,0.0005296488516247114,0.0005296800497157491,0.000529694356533553,0.000529694356533553,0.0005296695394437259,0.0005296519778256868,0.0005296519778256868,0.0005295426462308786,0.0005293984076569428,0.0005292235231325689,0.0005291079374968873,0.0005291079374968873,0.000529085485274867,0.0005291370883039281,0.0005290443503369252,0.0005290333786666105,0.0005290333786666105,0.000529061120129969,0.0005290102022881264,0.0005289595783458173,0.0005289595783458173,0.0005289791157978078,0.000528981599771824,0.000528981599771824,0.0005290243533188724,0.0005289763735658055,0.000528892546358358,0.0005288550911464766,0.0005289336439526523,0.0005289734834105897,0.0005290227234226622,0.0005288143222565008,0.0005288016017831247,0.0005288016017831247,0.0005287843892815542,0.0005288419666923897,0.0005288198845440499,0.0005288121621718155,0.0005287609029974794,0.0005287201792817976,0.0005285813616611277,0.0005285102766612441,0.0005285117923957615,0.0005283937456017306,0.0005283642598258232,0.0005283235156617566,0.0005282999535143347,0.0005283070880682014,0.0005283070880682014,0.0005282691926736324,0.00052830401447651,0.0005283694186929671,0.0005282982087751557,0.0005282982087751557,0.0005283379851702333,0.0005283028286985335,0.0005283028286985335,0.0005278744285556591,0.0005279490957556457,0.0005279490957556457,0.0005279490957556457,0.0005279490957556457,0.0005279915281851634,0.0005280214492750041,0.0005281080985920597,0.0005282327166956319,0.0005282289040961098,0.0005281717998277519,0.0005281787616981449,0.0005282172196674964,0.0005282172196674964,0.0005281832450883447,0.0005281832450883447,0.0005281832450883447,0.0005281929736280691,0.0005281929736280691,0.0005281173284391859,0.0005280314660993154,0.0005280373344293938,0.000527869579914114,0.0005278548491339468,0.0005278263812202508,0.0005278678229783421,0.0005278588633783737,0.0005278611204026217,0.0005277680216726276,0.0005277369079576749,0.000527748413790691,0.0005277306822383112,0.0005277306822383112,0.0005279016289362415,0.0005278964128652427,0.0005279479758506893,0.0005279479758506893,0.0005278756289823533,0.0005278987721710301,0.0005278953760737356,0.0005278520718465841,0.0005278745473367005,0.0005278745473367005,0.0005278083713543296,0.000527801188535997,0.0005278961066358742,0.0005278859058496755,0.0005278859058496755,0.0005278918524005165,0.0005278521123009606,0.0005278521123009606,0.0005278099793697667,0.0005277116864956584,0.0005276456340262225,0.000527591198768175,0.0005275980392205916,0.0005275980392205916,0.000527467406014123,0.0005274623947250167,0.0005274623947250167,0.0005273806184449563,0.0005271605552122004,0.0005271594174279546,0.0005271594174279546,0.000527156987329083,0.0005271570671114389,0.0005271410606596919,0.0005270806090560913,0.0005272783179432102,0.0005270929124289596,0.0005271374781854658,0.0005271108684844199,0.0005270489826649775,0.0005270489826649775,0.000526905074588862,0.0005268882327675307,0.0005268810078272941,0.0005180749142924625,0.000518083320377775,0.0005180378451291152,0.0005180644189040746,0.0005181589452540425,0.0005181589452540425,0.0005181589452540425,0.0005181089072476172,0.0005181122961978746,0.0005181059395911848,0.0005179973056964963,0.0005180149228366438,0.0005180108936101052,0.0005180326235951871,0.0005176255556249123,0.0005175638227787614,0.0005176092464096644,0.00051768694061063,0.0005176186418712977,0.0005176051881602866,0.000517606064673124,0.0005175177594523931,0.0005175177594523931,0.0005175144616736125,0.0005174205927259242,0.0005174205927259242,0.0005173452442946401,0.0005173736158649872,0.000517373287335308,0.0005173878653751601,0.0005169985250238928,0.0005170087835006678,0.0005169374472839613,0.0005168791773072211,0.0005167844137304408,0.0005167982294809786,0.0005167982294809786,0.0005167614758106154,0.0005166742460242654,0.0005167069836761075,0.0005165303321033348,0.0005165303321033348,0.0005165796040108485,0.0005165045456659785,0.0005164058824853564,0.0005163049017754088,0.0005162634158627784,0.0005161655677463205,0.0005161401937603446,0.0005160859238906804,0.0005160859238906804,0.0005160859238906804,0.0005160859238906804,0.0005160206465327377,0.0005160206465327377,0.0005160381864382443,0.0005160381864382443,0.0005159383073610145,0.0005158938614554197,0.000515920631559628,0.0005156711277505263,0.0005156689728790627,0.0005156689728790627,0.0005156711650663063,0.0005157403068458034,0.0005157403068458034,0.0005156313829431063,0.0005155979085122883,0.0005156025071242848,0.0005156025071242848,0.000515598928672732,0.0005156021059324286,0.0005156059825355984,0.0005156208801120075,0.0005155267216031806,0.0005155500830571093,0.0005155535345410941,0.0005155912931825358,0.0005155144249623511,0.0005155144249623511,0.0005155291015985756,0.0005154984929040186,0.0005154827562858895,0.0005154026506674315,0.0005153800102011,0.0005153800102011,0.0005153932553775569,0.0005153529926031572,0.000515415383085777,0.0005153257282557558,0.0005153013781141133,0.0005153005491457616,0.0005152593851632093,0.0005151060480576994,0.0005150655050191306,0.0005150655050191306,0.0005149961844972002,0.0005150610688309136,0.0005150590885439392,0.0005150240639779954,0.0005149571964957831,0.0005148385515126453,0.0005148249699340882,0.0005148249699340882,0.0005146872558270958,0.0005147168179203383,0.0005146944572775362,0.0005147458641003153,0.0005147974620146575,0.0005147738970090034,0.0005147885736498115,0.0005147885736498115,0.0005147231714503742,0.000514771726521981,0.0005148022589278942,0.0005148916197409882,0.0005148916197409882,0.0005138158551838403,0.0005138415189522217,0.0005138415189522217,0.0005138415189522217,0.0005138481897765069,0.000513872140341407,0.0005138049139642547,0.0005138162335350215,0.0005137369803345237,0.0005137369803345237,0.0005137369803345237,0.0005136680686067202,0.0005136729440509917,0.0005113660367520764,0.0005113642822765892,0.0005113449832063087,0.0005113333612400608,0.0005113946044022407,0.0005113899493643009,0.0005113899493643009,0.0005113573083030774,0.0005113891339977607,0.0005113845099938311,0.0005112713914649721,0.0005112713914649721,0.000511273567359667,0.000511273567359667,0.000511273567359667,0.000511273567359667,0.0005112469415732989,0.0005112819623434041,0.0005112813133686682,0.0005113976811478681,0.0005113998876023478,0.0005113998876023478,0.0005113704476790711,0.0005113651537206786,0.0005114090328822523,0.0005113133102450649,0.0005106474521196987,0.0005104119554786524,0.0005103715588502148,0.0005102929701268713,0.0005103130439375218,0.000510183835377343,0.000510180930974498,0.0005101529608487702,0.0005101140043022005,0.0005101636141853169,0.0005102036330689796,0.0005102036330689796,0.0005103091718460874,0.0005103388089976389,0.0005103778902339748,0.0005099224382108497,0.0005099224382108497,0.0005099685802506151,0.0005099209025722128,0.0005099309556439039,0.0005099302701867493,0.0005098596198385899,0.000509778714389621,0.0005098621542247297,0.0005098610131839249,0.0005097835375926796,0.0005097793265846955,0.0005098163957867455,0.0005097964924726992,0.0005097964924726992,0.0005097964924726992,0.0005098181484710558,0.0005098372245649809,0.0005098372245649809,0.0005097205588782876,0.0005096483761251137,0.0005097283678289097,0.0005096866031217359,0.000509684974470722,0.000509684974470722,0.000509684974470722,0.0005096781502553153,0.0005097384425517262,0.0005097328399999197,0.0005097328399999197,0.000509749879338636,0.000509813336036642,0.0005052144456241077,0.0005052144456241077,0.0005052144456241077,0.0005051797436210611,0.0005051336044227077,0.0005051404182887981,0.0005050997670987055,0.0005050596001315,0.000505113637238449,0.0005050533777701846,0.0005050533777701846,0.0005050533777701846,0.0005050533777701846,0.0005050533777701846,0.0005050445179656134,0.0005050506080150648,0.0005050506080150648,0.0005050506080150648,0.0005050506080150648,0.0005050506080150648,0.0005049840268154852,0.0005049840268154852,0.0005050031078725953,0.0005050031078725953,0.0005050031078725953,0.0005049958868096666,0.0005024447107214564,0.0005025450067206706,0.0005025938774020071,0.0005026179690700746,0.0005025960925127951,0.0005025996120981167,0.0005025996120981167,0.0005025796912038636,0.000502699402021549,0.000502699402021549,0.0005026478774597195,0.0005026478774597195,0.0005026712410108684,0.0005026712410108684,0.0005026923864482342,0.0005026628349737465,0.0005026628349737465,0.0005027198192649952,0.000502694605487202,0.0005026882862013014,0.0005026908731716827,0.0005026781544838602,0.000502630243458365,0.0005025620344328403,0.000502564119806839,0.0005025230945896612,0.0005019368729117225,0.0005019244369984768,0.0005019244369984768,0.0005019244369984768,0.0005018778597701064,0.0005018852358830297,0.0005018852358830297,0.0005018632358852664,0.0005018990381222917,0.0005012189510337444,0.0005011202712523855,0.0005011195873371151,0.0005011214241876752,0.000501147946166869,0.0004998087075515033,0.0004998373319356036,0.0004998658420345705,0.0005000347762356224,0.0005000347762356224,0.0005000029144645784,0.0004999747842108025,0.0004998913096791635,0.0004999076715011774,0.0004998767052892064,0.0004999235627469889,0.0004998927819764482,0.0004998392261995498,0.0004998392261995498,0.0004999083140910392,0.0004999107020994271,0.0004998949209406685,0.0004998949209406685,0.0004998949209406685,0.0004998949209406685,0.0004998918485736308,0.0004998850252667471,0.0004999116121826598,0.0004999310244447497,0.0004999254351073326,0.0004999254351073326,0.0004999377908911535,0.0004999368720812976,0.0004999368720812976,0.0004999479966757389,0.0004999131496560895,0.0005000353564698642,0.000500091684238988,0.000500091684238988,0.0004999376705107419,0.000499878387732598,0.0004999274487927526,0.0004999682807537438,0.0004999682807537438,0.0004999276934182626,0.0005000378117132851,0.0005000378117132851,0.0004999339155479202,0.0004998976320570222,0.0004998977211252093,0.0004998977211252093,0.0004998977211252093,0.0004998070513545824,0.0004998524284804071,0.0004998571615778822,0.0004998571615778822,0.0004998432078487286,0.0004998432078487286,0.0004998432078487286,0.0004998486396152467,0.0004998648924627099,0.0004998821801188676,0.0004998592688226361,0.0004998432359353498,0.0004997840427184343,0.0004997754040622089,0.0004997510024417822,0.0004997510024417822,0.0004996770178610654,0.0004996770178610654,0.0004996770178610654,0.0004997435479461616,0.0004997437518267488,0.0004997249088027591,0.0004997249088027591,0.0004996714112208046,0.0004996714112208046,0.0004996714112208046,0.0004996640779678473,0.0004996640779678473,0.0004996799106735336,0.0004996862614200991,0.0004996862614200991,0.0004996628284237369,0.0004996309244078398,0.0004996309244078398,0.0004996309244078398,0.0004996646128207574,0.0004996415502847823,0.0004995842535985731,0.0004995842535985731,0.0004995799668407588,0.0004995389858506562,0.0004995389858506562,0.0004995389858506562,0.0004995829812427907,0.0004994670600289566,0.0004995829236968016,0.0004995829236968016,0.0004995009221993435,0.0004995009221993435,0.0004993584820278959,0.0004993212160631944,0.0004993387835326685,0.0004993387835326685,0.0004993387835326685,0.0004993402750483746,0.0004993990427744248,0.0004993557211068128,0.0004993362719863951,0.0004993639953435781,0.000499315112300624,0.000499315112300624,0.0004993230785031508,0.0004992909468006199,0.0004991831508822129,0.000498892864117424,0.0004989114866194234,0.0004989114866194234,0.0004989114866194234,0.000498887267761699,0.0004988802251187015,0.000498830469381215,0.000498767379641102,0.000498811695838463,0.0004988207190755368,0.0004988207190755368,0.0004988218032068555,0.0004988706148197395,0.0004988706148197395,0.0004988277016407543,0.0004988714634690562,0.0004983245378001174,0.0004983245378001174,0.000498321845014831,0.0004982634740501015,0.0004982415647571836,0.0004982415647571836,0.0004982328125249436,0.0004982328125249436,0.0004980711962199366,0.0004981845906472877,0.0004980970149423922,0.0004980073065158279,0.0004980073065158279,0.0004980418198020693,0.0004980377236868898,0.0004980377236868898,0.0004980377236868898,0.000498078176332125,0.0004980918657439829,0.0004980426858027045,0.0004980241339079066,0.0004980241339079066,0.0004980241339079066,0.0004980625790197924,0.0004980754908480584,0.0004977041533643515,0.0004977029006314577,0.0004976919690783937,0.0004976882569404591,0.000497614027201116,0.0004976100864419868,0.0004976853746203369,0.0004976741556998489,0.0004976151803110742,0.0004976088431294357,0.0004975404429606634,0.0004975404429606634,0.0004973716344031844,0.0004973716344031844,0.0004973716344031844,0.0004973682160749244,0.0004972934150783019,0.000497336955195886,0.0004973216548496685,0.0004972345830280434,0.0004972345830280434,0.0004972554156174799,0.0004972087306797864,0.0004972108056992657,0.0004970810760012709,0.0004970784450621979,0.0004970054840905228,0.0004968991362236497,0.0004968168789682725,0.0004968229822338568,0.0004967459577276837,0.0004967022621603928,0.0004967022621603928,0.0004967022621603928,0.0004963162861367625,0.0004963388131739475,0.0004963388131739475,0.0004954147635310681,0.0004953786702538031,0.0004954346507426228,0.0004954311090959291,0.0004954074779911617,0.0004954164697116857,0.0004953894822069114,0.0004954014237852058,0.0004953654687942633,0.0004952108148455016,0.0004952108148455016,0.0004951492781104347,0.0004950529560712825,0.0004949267051826261,0.0004948487638003287,0.0004948013998485225,0.0004948013998485225,0.0004947486564019197,0.0004947190578109855,0.000494745268921751,0.0004948803595482167,0.000494825454616422,0.000494825454616422,0.000494825454616422,0.000494825454616422,0.0004948043864934916,0.0004948124942573339,0.0004948042369857899,0.0004947980920889914,0.0004947336391838972,0.0004947385870013628,0.0004947341304577171,0.0004947341304577171,0.0004947113947815577,0.0004947138556568669,0.0004947138556568669,0.0004946191638912082,0.0004946237836241868,0.0004946661355637016,0.0004946661355637016,0.0004945617585968076,0.0004945617585968076,0.0004945001351075259,0.0004945594408703228,0.0004945531960928633,0.000494530855691446,0.000494530855691446,0.0004945651874231593,0.0004945651874231593,0.0004945651874231593,0.0004945373240399385,0.0004944642874904508,0.0004944375191883433,0.0004944375191883433,0.0004944103853596009,0.000494394383068051,0.0004943969371184066,0.0004943741232110411,0.0004944027247167659,0.0004943990549135939,0.0004944168766143643,0.0004944466223664525,0.0004945086987570294,0.0004945131799459574,0.0004945131799459574,0.0004945941676286289,0.0004945778478774286,0.0004945778478774286,0.0004945778478774286,0.0004944990565751364,0.000494511913020992,0.000494511913020992,0.000494511913020992,0.0004941403459083886,0.0004941403459083886,0.0004941403459083886,0.000494072577925427,0.0004940259203959994,0.0004940062971243945,0.0004940468390950436,0.0004940468390950436,0.0004940468390950436,0.0004939878061580861,0.0004939667615344178,0.0004938814568964238,0.0004938814568964238,0.0004938814568964238,0.0004938896803600111,0.0004938896803600111,0.0004938308746446047,0.0004938417832525721,0.0004937625876326303,0.0004936902057871836,0.0004936902057871836,0.0004936945536586448,0.0004937689121137614,0.000493162647679215,0.0004926845353320405,0.0004926845353320405,0.0004926845353320405,0.0004925744321723635,0.0004924763430536485,0.0004923580071789368,0.000492352008256005,0.0004925663703949556,0.0004924724910546829,0.0004924368314876964,0.0004924511967793175,0.0004923522423480958,0.0004924027884309529,0.0004924027884309529,0.0004922696718799003,0.000492386180942183,0.0004924102250743454,0.0004924192626150429,0.0004923922961632791,0.0004924306943189304,0.0004924086489696364,0.0004924546099501999,0.0004924287445662866,0.0004924680686776473,0.0004924349359943665,0.0004922922452481107,0.0004922045282596377,0.0004922787317480408,0.0004922787317480408,0.0004922766996254342,0.0004922232908576023,0.0004922458896839662,0.0004922162480466538,0.0004922162480466538,0.0004922128916273832,0.000492302960704909,0.0004923342195007488,0.0004922618503940702,0.0004922315042441145,0.0004921955398154696,0.0004922051037533463,0.0004922131616996402,0.0004920913644487286,0.0004920561823285816,0.0004920343987775183,0.0004920082903637019,0.0004920053186657066,0.0004920053186657066,0.0004919961276579337,0.0004919961276579337,0.0004919961276579337,0.0004919961276579337,0.0004919411187350361,0.0004918107516564812,0.0004918107516564812,0.0004908614981577538,0.0004908614981577538,0.0004908507352467773,0.0004909190323245879,0.0004909190426746791,0.0004908935740169584,0.0004908555788063995,0.0004908528040838138,0.0004908304794916994,0.0004908839498517644,0.0004908839498517644,0.0004908839498517644,0.0004908888080523214,0.0004909196498706033,0.0004909161228500742,0.0004909523391682351,0.0004909639208624298,0.0004909639208624298,0.0004909888955191775,0.0004909493102860616,0.000491019097548376,0.0004909891843161571,0.0004910009203998746,0.0004910009203998746,0.0004911746385856951,0.0004911746385856951,0.0004911270110139909,0.0004911270110139909,0.0004911270110139909,0.0004911430749881777,0.0004911118769331921,0.0004911395605916458,0.0004911432725962383,0.0004911657380670276,0.0004911349867122262,0.0004911906802464504,0.0004911906802464504,0.0004911906802464504,0.0004911906802464504,0.0004911906802464504,0.0004911796076521303,0.0004911608501628349,0.0004911054998823089,0.0004910977249105795,0.0004911459374951173,0.000491119099156883,0.0004911801089813644,0.0004911801089813644,0.0004911400345355867,0.0004911400345355867,0.0004911787142575293,0.0004911787142575293,0.0004910762890989004,0.0004910680731657358,0.0004910119417577104,0.000491009460870647,0.000491009460870647,0.0004909807214765085,0.0004910089173839429,0.0004910089173839429,0.000490953081715648,0.000490953081715648,0.00049086931641984,0.0004908822688932658,0.00049088056248594,0.0004908215797103276,0.0004908536444955444,0.0004908536444955444,0.0004908536444955444,0.0004908536444955444,0.0004909044368517345,0.0004909044368517345,0.0004909155839197219,0.0004909515341139077,0.0004909334943640663,0.0004909334943640663,0.0004909160009619386,0.0004909160009619386,0.0004909160009619386,0.0004909160009619386,0.0004908726975086298,0.0004908726975086298,0.0004907423679739901,0.0004908097252573244,0.0004908063448609521,0.0004908020976198676,0.0004907705747319782,0.0004907578343522924,0.0004907171273307804,0.0004907696390595024,0.0004908695674813967,0.0004908695674813967,0.0004908695674813967,0.000490910678270701,0.0004909312093288399,0.0004909065371232497,0.0004909065371232497,0.0004909379055169557,0.000490995744062645,0.0004909677209367308,0.0004910438228478832,0.0004910438228478832,0.0004910528897580191,0.0004911611436548051,0.00049112343400884,0.0004910996494953398,0.0004910788733049937,0.0004910788733049937,0.0004910327410429508,0.0004911264290645119,0.0004910309307979651,0.0004910056984639514,0.0004909969308108646,0.000490997304318423,0.0004909287599139598,0.0004909287599139598,0.0004909336316796049,0.0004909011290936209,0.0004909011290936209,0.0004909011290936209,0.0004910307117263472,0.0004906514858197154,0.0004906514858197154,0.0004906090166418563,0.0004905636860715064,0.0004905680901825389,0.0004905383215075516,0.0004905383215075516,0.0004905287797065768,0.000490537674066675,0.000490537674066675,0.0004905973381432121,0.0004905973381432121,0.0004905973381432121,0.0004905425666489943,0.0004905425666489943,0.0004905218596877808,0.0004904736407462198,0.0004904933238435926,0.0004904933238435926,0.0004904878200320154,0.0004905000991271965,0.0004905000991271965,0.0004905319416219554,0.0004905319416219554,0.0004902680640223297,0.0004901687280803168,0.0004901582849102599,0.0004901582849102599,0.0004901582849102599,0.0004901582849102599,0.0004901582849102599,0.0004901501081139044,0.0004901501081139044,0.0004901501081139044,0.0004900904241737379,0.0004900745719254006,0.0004900555429305536,0.0004900555429305536,0.0004900393978828043,0.0004900385094887753,0.0004900161272582866,0.0004900161272582866,0.000490027296410397,0.0004900237086897821,0.0004899615892940938,0.000489963895825292,0.0004899196833398171,0.0004899265022921467,0.0004898660197010442,0.0004897817114542503,0.0004897482604426232,0.0004896974178855335,0.0004896329721566593,0.0004896400477313874,0.0004895945182066083,0.000489592381411612,0.000489569163292239,0.0004895197620646338,0.0004895184660470083,0.0004895933958629456,0.0004895804412590607,0.0004895618508003421,0.0004895465053099622,0.0004894588636198667,0.0004893113137805806,0.0004891021794513146,0.0004891021794513146,0.000489060913201137,0.000489060913201137,0.0004891263287268358,0.0004891432042449937,0.0004891101087949453,0.0004891101087949453,0.0004891101087949453,0.0004890789366862376,0.000489121801707752,0.00048903097800868,0.00048903097800868,0.00048903097800868,0.00048903097800868,0.0004890033141816757,0.0004890033141816757,0.0004890697031588727,0.0004888974143901486,0.0004888974143901486,0.0004888698947635988,0.0004888196871642868,0.0004888196871642868,0.0004888493035557721,0.0004887749591160405,0.0004887549876274811,0.0004887554859487238,0.000488838057224728,0.0004888070776869028,0.0004888064285863159,0.0004888904787658064,0.0004888915348964507,0.0004888915348964507,0.0004888815901863834,0.0004889386462397951,0.0004889609313411252,0.0004889119476498586,0.0004887922364270278,0.0004887922364270278,0.0004887768611503295,0.0004887768611503295,0.0004887980951416551,0.0004888699384647597,0.0004888699384647597,0.0004888238769344217,0.0004888238769344217,0.0004888238769344217,0.0004888238769344217,0.0004888275239735406,0.0004888994781558437,0.000488755438288891,0.0004888047384538388,0.0004888047384538388,0.0004887715465644411,0.0004887715465644411,0.0004887715465644411,0.0004887731830950814,0.0004887731830950814,0.0004887155537308425,0.0004886296925729488,0.0004886147845725246,0.0004885950841830375,0.0004885548078019305,0.0004881938190756371,0.00048816558107969054,0.0004881539738989638,0.00048817416587037404,0.00048812190044118727,0.00048812190044118727,0.0004881591973315884,0.0004872666695436707,0.0004872666695436707,0.00048719978960975265,0.00048722259389042245,0.0004873171795344552,0.0004873171795344552,0.0004873171795344552,0.0004873267809136114,0.0004873175236780141,0.00048735788943690775,0.00048735788943690775,0.00048740484680041536,0.00048741964735750793,0.0004873413094433201,0.0004873488337617757,0.00048734414361026817,0.00048726240146827374,0.0004872554503092141,0.0004872488845615117,0.0004872488845615117,0.00048679552589899275,0.0004867923920773706,0.0004867923920773706,0.0004867895738016825,0.000486737095725259,0.0004866360396615594,0.00048665155151463827,0.0004866910901544511,0.0004866910901544511,0.0004866910901544511,0.0004866910901544511,0.0004866408670341338,0.00048661324393291054,0.00048665711306566646,0.00048665711306566646,0.00048665711306566646,0.00048658092568009065,0.00048657116846082443,0.0004865434500927677,0.00048654186475752763,0.00048654186475752763,0.00048654186475752763,0.00048654186475752763,0.0004865039332692662,0.0004865039332692662,0.0004863889050376967,0.0004863889050376967,0.0004863889050376967,0.00048642282607305444,0.0004864539218897191,0.0004864539218897191,0.00048643292324730144,0.00048643292324730144,0.0004864705704989081,0.0004864932482310796,0.00048645757353790015,0.00048644152589538356,0.00048644940662178953,0.00048645560779347056,0.00048642769503971295,0.00048642769503971295,0.0004864151580987422,0.00048651571237746965,0.0004865478720207968,0.0004865655460221016,0.0004865599493581187,0.000486554737178247,0.000486470132484134,0.0004864598434994189,0.0004864576421936496,0.00048655678956696657,0.00048633214034183117,0.0004862163404808167,0.00048624414496618233,0.0004838146744418104,0.00048386576658834433,0.0004839589818680817,0.00048393155569737933,0.00048393155569737933,0.0004839120410405814,0.0004839120410405814,0.0004839120410405814,0.0004839120410405814,0.0004839120410405814,0.0004839120410405814,0.0004838829845973091,0.0004838661045163491,0.0004838661045163491,0.0004838661045163491,0.0004838304442865567,0.00048384784049939315,0.0004838208925764107,0.000483826791081181,0.0004837877507885447,0.00048382721413317515,0.000483862487236097,0.00048385960330170043,0.0004838645260537856,0.0004838645260537856,0.00048387180422771776,0.00048387180422771776,0.0004839130298950687,0.0004838881450541426,0.00048392638982232343,0.0004839323720160837,0.0004839323720160837,0.0004839323720160837,0.0004838839997498218,0.00048389435605905015,0.00048384861165238433,0.0004838771484224889,0.00048388076722278325,0.0004839121357269476,0.0004839121357269476,0.00048391822608438213,0.00048391822608438213,0.0004838665270309182,0.0004838665270309182,0.0004837414361271711,0.000483787920189389,0.0004837262688797636,0.0004836982078280949,0.0004836982078280949,0.0004836031660742221,0.0004836031660742221,0.0004836196233735974,0.00048353660540699267,0.00048350612394196897,0.00048347444686363736,0.000483436356986948,0.0004834708159956705,0.00048338166087639605,0.0004833424139929929,0.0004833292744992656,0.0004833344891358296,0.0004833344891358296,0.0004833704749071191,0.0004833842630158322,0.0004833603469301782,0.0004833854642862624,0.0004833854642862624,0.00048336427747227846,0.00048336427747227846,0.00048331506990757995,0.0004832954235283797,0.0004832954235283797,0.0004833142085428381,0.0004833142085428381,0.0004833407489808073,0.0004801569349438269,0.0004802167868638268,0.00048022460752277445,0.00048027979196242534,0.00048027979196242534,0.00048027979196242534,0.00048027979196242534,0.00048037194731739705,0.0004803891156354683,0.0004803891156354683,0.0004803891156354683,0.0004804113972159859,0.00048036500011175746,0.0004803483513129625,0.0004803483513129625,0.0004803374357058679,0.00048035953692854224,0.0004803329891345967,0.0004803425077056171,0.0004803425077056171,0.00048032522471409345,0.00048023876929503736,0.0004802992530163344,0.00048032838093732506,0.00048031784640388916,0.0004802779835826298,0.00048022411919387804,0.00048029155352342993,0.00048028794891337656,0.0004801482796594963,0.0004801482796594963,0.0004800515025638413,0.0004800515025638413,0.0004800313474337166,0.0004800433114315466,0.0004799455874114215,0.0004799455874114215,0.0004799455874114215,0.0004799455874114215,0.0004799280813320998,0.0004799280813320998,0.00047994120596511037,0.0004799128661421815,0.0004798538688345953,0.00047980741390181393,0.00047980741390181393,0.0004797987389842519,0.00047980116624947574,0.000479781845832199,0.00047974842170911517,0.00047974842170911517,0.00047975170657591436,0.00047975170657591436,0.00047980044587263233,0.00047979391866910125,0.00047979391866910125,0.0004797182462279061,0.00047972733861772413,0.00047972733861772413,0.000479813192575816,0.0004797921867991272,0.0004797745000873744,0.0004797422916673737,0.0004797422916673737,0.0004797486755130926,0.0004795991045581635,0.0004795991045581635,0.0004795991045581635,0.00047958346275738434,0.0004795807501782917,0.0004795807501782917,0.00047952212331330116,0.0004794666511039553,0.0004794666511039553,0.00047943566417943856,0.00047933253441329954,0.00047933253441329954,0.00047930578528320973,0.00047934025709878776,0.000479249552619959,0.000479249552619959,0.00047920897137249086,0.00047920897137249086,0.0004792242978277609,0.0004792242978277609,0.0004792242978277609,0.0004792242978277609,0.00047918190439247515,0.00047922670672083904,0.000479156715243171,0.0004790804804496186,0.00047913133835153883,0.00047913133835153883,0.00047911045907196364,0.00047905815533505106,0.00047906676626764205,0.000479106091336553,0.00047906925382988164,0.000478890170727988,0.000478890170727988,0.0004788541484270602,0.0004788472873696616,0.0004788521705597998,0.000478832716829571,0.0004785667000527649,0.0004785667000527649,0.0004785071345767247,0.0004785071345767247,0.0004784120132334581,0.0004784120132334581,0.0004784120132334581,0.00047836646161605883,0.00047837918729968094,0.00047837918729968094,0.00047753706135862076,0.0004774524184839544,0.00047743172135176847,0.00047740587814803045,0.00047740587814803045,0.00047740874307317734,0.00047741249944025063,0.0004773076816830176,0.0004773214561637535,0.00047726943221207174,0.00047732691929622533,0.000477285150258055,0.0004772068010907478,0.00047713221173076054,0.0004771523009129069,0.0004772020049180729,0.0004772083862175323,0.00047721478330631424,0.0004771779661932524,0.0004772483035126332,0.0004772304927398503,0.00047722910330168483,0.00047721024373419493,0.0004772274560133069,0.00047721308806012954,0.0004770189955631449,0.0004770269322549005,0.0004768401418731434,0.0004768855380986872,0.00047690922885101065,0.0004769842942191738,0.0004769863517926425,0.0004770003674284847,0.00047691999422407993,0.00047690213195859354,0.00047683899698948147,0.0004768668924160239,0.0004768972140579357,0.0004768635938071592,0.0004764782881252724,0.0004764782881252724,0.0004764623513192549,0.0004764623513192549,0.00047644000128354034,0.0004764305503373041,0.00047634318909340137,0.0004763446008576968,0.00047634388590641713,0.0004763393339722597,0.0004763393339722597,0.00047619706713045835,0.00047602088476590145,0.0004760413645867546,0.0004760413645867546,0.0004760413645867546,0.00047603239160889623,0.0004759314010110984,0.000475917939605817,0.0004758104416664444,0.0004757731061381481,0.0004757731061381481,0.0004758518256932476,0.00047586677472647663,0.00047586677472647663,0.00047581503650310537,0.00047581503650310537,0.00047584342436871627,0.0004758967405242452,0.00047586499649723396,0.000475837399218317,0.00047584614614766356,0.00047582737822107166,0.0004758271698489102,0.0004758319020309289,0.00047575434086644114,0.00047575434086644114,0.00047579836293287645,0.00047579836293287645,0.00047580436223544094,0.0004756801134483828,0.0004757815775184201,0.00047571221028428265,0.0004756993776977967,0.0004757076874093652,0.0004757076874093652,0.00047569915380574196,0.00047569915380574196,0.00047569915380574196,0.0004756187348709167,0.00047550972360943733,0.00047548241382629566,0.00047548241382629566,0.00047548183005896523,0.00047548183005896523,0.00047540838509301555,0.00047540838509301555,0.00047531318862425494,0.00047532823346649095,0.0004752489982014433,0.0004751901453321745,0.0004751901453321745,0.000475174158121798,0.0004752247851766333,0.0004752247851766333,0.0004752247851766333,0.0004752265981392889,0.0004752265981392889,0.0004752265981392889,0.0004751848052331558,0.0004752032924237561,0.00047517606824306073,0.00047517606824306073,0.0004748958582401586,0.00047491291159671193,0.00047491291159671193,0.0004750249574553322,0.0004750876851893922,0.0004750876851893922,0.00047506149053788677,0.00047505431045125534,0.00047503296576497387,0.00047503296576497387,0.000475121463941395,0.00047500469864223506,0.00047496957895962454,0.00047496489499295716,0.0004749088192680076,0.0004749088192680076,0.0004749259755013519,0.00047493368881985036,0.00047496905512687295,0.00047496528524003926,0.00047495602180963603,0.00047489624534601666,0.00047492915633917914,0.00047492915633917914,0.0004749791256011892,0.0004750771060826559,0.00047500437514324574,0.000474995960506595,0.000474995960506595,0.000474995960506595,0.00047492521561699665,0.00047487193391926525,0.00047484153234642556,0.0004748146040977877,0.00047473623735974955,0.0004747073782341125,0.00047473577551781484,0.00047473347162584517,0.00047476920957128214,0.0004747109147754578,0.00047476785082590985,0.0004747130852480906,0.00047464534771210807,0.000474556850991691,0.0004745425914617517,0.00047460695575422807,0.00047467739931687986,0.0004746830273749027,0.0004746661022566854,0.00047464767671811706,0.00047468001315510835,0.00047464166416873817,0.00047464166416873817,0.00047468472363638927,0.000474683156778075,0.00047454863299067586,0.00047454863299067586,0.00047454863299067586,0.00047454999560142015,0.00047459863478775113,0.00047459863478775113,0.0004746001221510088,0.00047459748387325754,0.00047459748387325754,0.00047446029262639236,0.00047449986292082087,0.00047456213293629363,0.00047453175192979473,0.00047463111245548583,0.000474643989097118,0.0004746739841972651,0.0004746739841972651,0.0004746736069360018,0.00047471401268323445,0.00047476345016982894,0.0004746872198453513,0.0004746463137715999,0.0004746463137715999,0.0004747928062636776,0.00047477309714096633,0.00047477836610380805,0.0004747520434248974,0.0004747520434248974,0.0004747520434248974,0.00047480111399930485,0.0004749080625349033,0.0004749118354322073,0.0004749118354322073,0.00047493117361984745,0.00047493117361984745,0.0004748534507590337,0.0004748534507590337,0.00047498517845762377,0.0004749626876730092,0.0004749950560541744,0.0004749950560541744,0.00047502579908669624,0.00047502579908669624,0.00047504790308414266,0.00047503337820141905,0.0004750661424389779,0.00047510311560614396,0.0004752008895987967,0.00047519203594856665,0.00047519203594856665,0.00047513902699203314,0.0004751418493133106,0.0004751059850765436,0.0004749666189594174,0.00047491519960705714,0.0004749740761136795,0.00047491373415174004,0.00047491373415174004,0.00047493836769904623,0.00047494127769902013,0.0004749969177808228,0.00047500885660634636,0.00047502168691397194,0.0004631782567298039,0.0004631309055211974,0.00046307204284898453,0.00046313145334469965,0.00046313145334469965,0.000463132465504867,0.0004631526376873305,0.00046311455114867177,0.00046315455317732135,0.0004630967660810166,0.00046308507981196846,0.00046310593135868696,0.0004629943874977606,0.0004629955113295051,0.0004630336637851985,0.00046303017662038435,0.0004630323473492551,0.0004630871389646608,0.00046308382591009144,0.00046309090386393155,0.00046311870342291697,0.0004631134754644721,0.0004630362107548845,0.00046310266889533085,0.0004631630051202797,0.00046311010361910915,0.0004630148919086672,0.0004630148919086672,0.0004630185870535154,0.0004630185870535154,0.0004630185870535154,0.00046300843056215336,0.00046311606394599435,0.00046310725775473827,0.0004629960958119809,0.0004630108945385123,0.0004630108945385123,0.00046306983430306975,0.00046306983430306975,0.00046306983430306975,0.00046306983430306975,0.0004629696852865089,0.0004629708804887421,0.0004629957980390148,0.00046300985783559966,0.00046299279944157356,0.000462986793319894,0.0004630760411114892,0.0004630760411114892,0.0004630760411114892,0.0004630760411114892,0.0004631629320199129,0.000463057854854946,0.000463057854854946,0.00046308325067279024,0.0004630667838690191,0.0004629938356174815,0.00046291134006938356,0.00046292321825671436,0.00046292321825671436,0.00046292321825671436,0.00046292321825671436,0.00046291813650892183,0.00046291813650892183,0.00046291813650892183,0.0004627546453379029,0.0004627546453379029,0.0004627241310037574,0.0004626710786559758,0.00046271960507752134,0.0004627059767690162,0.00046269633681554173,0.0004625784040354832,0.00046256136910186637,0.000462532292443569,0.000462532292443569,0.0004625039194518807,0.0004624512800278901,0.000462441906315821,0.00046249712840198357,0.00046249712840198357,0.00046249712840198357,0.0004623836689068172,0.0004623836689068172,0.00046238292463192116,0.00046239707333683815,0.00046239707333683815,0.00046235668615882727,0.00046239134945808274,0.00046234501504615607,0.0004623584907660679,0.00046232336194292013,0.00046231092001608535,0.0004623209428556986,0.0004622806987666482,0.0004622806987666482,0.0004622638104252679,0.0004622553639813692,0.0004622155608318706,0.00046225490562976627,0.0004623001011037651,0.00046230388383786456,0.00046229122575290664,0.00046222118256770305,0.0004621549395996487,0.00046217163642904726,0.0004621759582713289,0.0004621759582713289,0.00046210932351612496,0.00046206416815399804,0.00046206416815399804,0.00046206416815399804,0.0004618794453160014,0.0004618599594364508,0.0004618529054748413,0.0004618529054748413,0.0004618529054748413,0.0004619337046055426,0.0004619337046055426,0.0004618218353630999,0.0004618218353630999,0.000461760802692097,0.00046178881541548907,0.000461770216242199,0.000461770216242199,0.00046182051175686957,0.00046186653829928634,0.00046174726853903723,0.000461738544924404,0.0004617665476547978,0.00046183378065588405,0.00046183378065588405,0.00046185143267829824,0.00046185143267829824,0.0004617861691856216,0.000461833651139072,0.00046177528568609657,0.0004617812275405197,0.0004617812275405197,0.00046175718048723695,0.0004617565720564176,0.0004616663452915074,0.0004616402948327072,0.0004616402948327072,0.0004616121389779431,0.0004616121389779431,0.0004616121389779431,0.00046158494395848084,0.0004615957746797828,0.0004615957746797828,0.0004614590104171311,0.0004614632172092441,0.00046142938363444855,0.00046142938363444855,0.00046143407014363075,0.0004613361954283098,0.0004613361954283098,0.0004612428903326474,0.0004612418801399994,0.00046125359999055654,0.00046124070231016155,0.0004612245492313181,0.0004612245492313181,0.00046120268478903013,0.00046120268478903013,0.00046114777471172735,0.00046114777471172735,0.00046126761546953294,0.00046127438016957097,0.00046124930586117336,0.00046124930586117336,0.0004612472520652208,0.0004612472520652208,0.0004612472520652208,0.000461212554083202,0.000461212554083202,0.00046119821059110793,0.00046119821059110793,0.0004610816489572899,0.0004611124148100489,0.00046105410453792055,0.00046105410453792055,0.00046105410453792055,0.00046107576428571347,0.00046107576428571347,0.00046113506620198443,0.00046113506620198443,0.0004612442840649134,0.00046125246440934447,0.00046116960333043383,0.00046116960333043383,0.00046116960333043383,0.0004611539816957844,0.0004611539816957844,0.0004611851909109743,0.00046122935457066944,0.00046122935457066944,0.00046122935457066944,0.0004612462976727711,0.0004612462976727711,0.0004612462976727711,0.0004612462976727711,0.00046124479424925017,0.000461157383547427,0.00046114782315623086,0.00046114782315623086,0.00046109218284757977,0.00046109218284757977,0.00046111750520271217,0.0004611086616947357,0.0004610928686879054,0.0004610928686879054,0.000461036719154503,0.00046097307833656043,0.00046097307833656043,0.00046097307833656043,0.0004609722538264272,0.0004609401304095908,0.0004610071784689271,0.0004609899743109587,0.0004609513175652048,0.0004609309875261282,0.0004609704106378491,0.00046094586779484535,0.00046084064157185615,0.00046084064157185615,0.00046084064157185615,0.0004607487618150154,0.00046069296853758684,0.00046070552794023374,0.0004605355684907777,0.00046055722392356475,0.0004605234710992001,0.0004605117766945082,0.0004605193178227062,0.0004604866923347054,0.0004605159925045747,0.0004605346654734928,0.0004605346654734928,0.0004605346654734928,0.0004605082982305711,0.0004604493504505041,0.0004604493504505041,0.0004604418765725712,0.0004604418765725712,0.0004604973781883487,0.00046046828867994476,0.0004603864346998349,0.0004603864346998349,0.0004604240974605269,0.0004604010432955453,0.0004603662546917206,0.0004604270213415603,0.0004604117265517417,0.00046043677610955476,0.000460448738160501,0.0004604886497764315,0.0004604725079739271,0.00046046348373072495,0.00046046348373072495,0.00046039987801957437,0.00046043237500088547,0.00046043237500088547,0.0004603971261046648,0.0004603841305827033,0.00046019724521565315,0.0004601526516821866,0.0004601771185642899,0.0004602113724278064,0.00046021228958991795,0.00046022306320632884,0.0004603106877733429,0.0004603456346300033,0.0004603738716073659,0.0004603738716073659,0.0004603831338031734,0.0004604037906217984,0.0004604037906217984,0.000460435161034527,0.000460435161034527,0.0004604076835363477,0.0004604076835363477,0.0004604656097744516,0.00046046692261590883,0.00046046410057552393,0.00046060954903908406,0.00046060954903908406,0.0004606105070697942,0.00046070927158818576,0.00046078751655070064,0.0004608524843292275,0.00046086944934607503,0.0004608996423189162,0.00046025873249342427,0.00046025873249342427,0.0004602241553756696,0.0004602436051072227,0.0004602436051072227,0.0004602454671530413,0.0004601113963393453,0.0004601113963393453,0.0004600669224463337,0.0004601062143332803,0.0004600104063673413,0.0004600400952595583,0.00045997889564587994,0.0004599576637399085,0.0004599588048010846,0.00045969442704755717,0.00045969442704755717,0.0004597180056930583,0.0004597180056930583,0.0004597054822268876,0.0004597054822268876,0.0004596069077997171,0.0004595681291269231,0.0004595987946496406,0.00045960130849688555,0.00045962840721406565,0.00045951849645853673,0.0004587642606195469,0.00045872042526964635,0.00045873278403601927,0.00045873278403601927,0.00045881384428034033,0.00045883770348151374,0.00045881959833611027,0.00045881959833611027,0.00045860560660826444,0.00045860560660826444,0.0004586248299296657,0.0004586230179429992,0.0004586230179429992,0.0004583973726275604,0.00045834263886873394,0.0004571155841361959,0.0004571198030894053,0.0004570842483519073,0.0004570842483519073,0.0004570842483519073,0.00045715789631783633,0.00045715789631783633,0.00045715003408554556,0.000457150513234798,0.000457150513234798,0.000457150513234798,0.0004571903619041211,0.00045720074463648274,0.00045720074463648274,0.00045720074463648274,0.0004571224681529656,0.000457123793030267,0.000457123793030267,0.00045694064294841486,0.00045694064294841486,0.00045694064294841486,0.00045681778864554377,0.00045683824269430074,0.00045683824269430074,0.00045683824269430074,0.00045680333506167305,0.0004566394810415714,0.0004566394810415714,0.000456567379753188,0.00045651233589211697,0.00045655734929919294,0.00045655734929919294,0.0004566209444035594,0.00045661260216056616,0.00045661260216056616,0.00045645118210129734,0.00045639715283734146,0.00045639578839334205,0.0004563917034512923,0.00045638041615849806,0.0004564810960440327,0.0004564810960440327,0.0004564810960440327,0.0004564620678506414,0.0004564620678506414,0.00045642087543456953,0.00045635609874469004,0.00045635664264291826,0.00045636950554815285,0.00045636950554815285,0.00045636950554815285,0.0004563342499958761,0.0004563342499958761,0.00045630735656207395,0.00045630735656207395,0.000456292147497442,0.000456292147497442,0.0004562747314755658,0.0004562516862488734,0.0004562516862488734,0.0004563128696706579,0.00045622752596985927,0.00045616564994819126,0.00045616564994819126,0.00045619775560468194,0.000456161966547398,0.0004561059404062239,0.00045613611441704165,0.00045610979826004726,0.00045610979826004726,0.00045610979826004726,0.00045603933056982297,0.0004560199773932733,0.0004560199773932733,0.0004560199773932733,0.0004560132164754244,0.0004560132164754244,0.00045606514724989995,0.00045606514724989995,0.0004559611755683364,0.0004560321995494314,0.0004560321995494314,0.000456030083853242,0.0004559838297321726,0.000455952580002628,0.000455952580002628,0.00045573013624634933,0.00045573013624634933,0.00045570112795443614,0.00045570112795443614,0.0004557530730902285,0.0004557445195455882,0.00045571861426120855,0.00045571861426120855,0.00045571861426120855,0.00045571306207930915,0.000455612179607999,0.000455612179607999,0.000455612179607999,0.0004556412568356528,0.0004556412568356528,0.0004556412568356528,0.0004556412568356528,0.0004556412568356528,0.0004556412568356528,0.00045565332092566206,0.00045566011687910084,0.00045566011687910084,0.0004556599541059091,0.00045568065864607277,0.00045576048644433624,0.0004557977393261718,0.00045566015293112646,0.00045561838374183776,0.0004556306414004824,0.00045556084372134126,0.0004556742561812757,0.0004556854429142513,0.0004556523206277306,0.00045562121848753164,0.00045558022631336776,0.00045558022631336776,0.0004555518165795814,0.00045555660333160313,0.000455558496245149,0.0004555140192405975,0.0004555140192405975,0.00045544341946950995,0.00045544953560594574,0.0004555286037482477,0.0004555083422254589,0.0004555083422254589,0.0004555083422254589,0.000455525674515504,0.00045550980663212323,0.0004555155374932467,0.0004555155374932467,0.0004554288427328101,0.0004554288427328101,0.00045526451253993176,0.00045526451253993176,0.00045526451253993176,0.00045526451253993176,0.00045527897133071377,0.0004551352038117979,0.0004550524275545587,0.0004550524275545587,0.00045426791501842914,0.00045424819337248304,0.00045426345069109696,0.0004541066109072001,0.0004540720028676982,0.0004540720028676982,0.0004540720028676982,0.0004540677194559716,0.000453993281394844,0.00045398315908720997,0.00045398315908720997,0.00045394626395949125,0.00045399317538507325,0.00045384079392189974,0.0004538664423355454,0.00045390350372785486,0.00045384075395186785,0.0004537742709712103,0.0004537742709712103,0.0004538111439449004,0.0004537700452937429,0.00045336966018845383,0.0004533735976146149,0.0004533735976146149,0.0004532261283741341,0.0004532261283741341,0.0004532597501473106,0.0004532690266151726,0.0004531739053515446,0.0004531739053515446,0.0004531739053515446,0.00045314314660933636,0.00045314314660933636,0.000453116933043752,0.0004531188945187787,0.0004530765295425227,0.0004531006110738282,0.0004531006110738282,0.00045315667302897703,0.0004531582944602927,0.0004531697783866288,0.00045316743504978914,0.0004532405490205724,0.0004532405490205724,0.0004532398934759247,0.00045320254156856006,0.00045320254156856006,0.00045320254156856006,0.00045320254156856006,0.00045317773352178035,0.0004531653735609953,0.0004531653735609953,0.00045317581003672297,0.0004531620363231386,0.00045323928174298997,0.0004532887800364751,0.0004532887800364751,0.0004531962323119171,0.0004531962323119171,0.0004532218939156889,0.0004532026371252299,0.0004532026371252299,0.00045322746471232396,0.00045322746471232396,0.00045322746471232396,0.00045322746471232396,0.0004531740939566247,0.00045318387200444566,0.00045333668208816935,0.0004533093213141677,0.0004533093213141677,0.0004533093213141677,0.0004533093213141677,0.0004533093213141677,0.0004533093213141677,0.00045330295874563946,0.00045330295874563946,0.0004532901617257433,0.0004533056602002091,0.0004533056602002091,0.0004532997795453995,0.0004532997795453995,0.0004533403426655155,0.0004533143866858027,0.0004533108825702275,0.0004531674551769457,0.0004531674551769457,0.0004531674551769457,0.0004531112078178006,0.0004531112078178006,0.0004531156637319063,0.0004531156637319063,0.0004531156637319063,0.00045304135327901965,0.000453064397501039,0.0004531197132170859,0.0004531197132170859,0.00045313989550150723,0.00045312819899121046,0.0004531213000589138,0.00045314401649346956,0.00045314401649346956,0.0004532205883924106,0.000453059456650678,0.0004531713074403092,0.0004530976521469873,0.00045318742651773175,0.0004532123886914089,0.0004532123886914089,0.00045315500447731653,0.00045315500447731653,0.0004531235102389937,0.0004531235102389937,0.00045308668777140624,0.0004531138902933692,0.0004531138902933692,0.0004530845784769488,0.0004531106333380673,0.000453158205570005,0.000453158205570005,0.000453158205570005,0.00045309005486633,0.00045307037651428717,0.00045307037651428717,0.0004530786750669669,0.00045307445712329276,0.00045307445712329276,0.0004529446716590486,0.0004529503133094065,0.00045306274953337786,0.0004530255842328949,0.0004530228681447088,0.0004530228681447088,0.0004530228681447088,0.0004530228681447088,0.0004530228681447088,0.0004530228681447088,0.0004530228681447088,0.00045300617951126864,0.0004530031632272843,0.00045300066695357354,0.0004529471650489875,0.00045300001060383775,0.00045268483258183823,0.00045268483258183823,0.0004527076224069127,0.0004527076224069127,0.0004527076224069127,0.0004526869302844414,0.0004526259580109673,0.0004526259580109673,0.00045264950979641093,0.00045264950979641093,0.0004526557109576298,0.00045262915587472986,0.00045270352130420867,0.0004527311623750353,0.0004527958455660558,0.00045282554069420633,0.0004527986646589721,0.00045281497648744484,0.0004527413063075689,0.0004527413063075689,0.00045273719114559825,0.0004527443885994097,0.00045256780163454197,0.00045256780163454197,0.00045257213067711343,0.00045257213067711343,0.00045257213067711343,0.0004526272466052749,0.00045253472891158115,0.00045250828468266824,0.00045250675824858684,0.00045250675824858684,0.00045250675824858684,0.00045250675824858684,0.00045250675824858684,0.00045247857838120385,0.00045247857838120385,0.00045247857838120385,0.00045248230402669345,0.00045246803424793655,0.00045246803424793655,0.00045242539936025174,0.0004524193563613392,0.00045246525338958567,0.00045248617877211093,0.0004525365330839174,0.0004525197293746056,0.0004525197293746056,0.00045256412517724923,0.00045256412517724923,0.0004526073136493597,0.0004526073136493597,0.0004526073136493597,0.0004526495200062594,0.0004526495200062594,0.0004525936910916205,0.0004525812837780463,0.00045257033557189916,0.00045258299328628204,0.0004526077753867739,0.0004526077753867739,0.0004526077753867739,0.00045245467438670054,0.0004523636148010625,0.0004523636148010625,0.0004523636148010625,0.00045232314351265285,0.00045235972745365856,0.00045235972745365856,0.00045235972745365856,0.00045211095216068583,0.000452238718699711,0.0004522316173013332,0.0004522316173013332,0.00045213095192288445,0.00045213095192288445,0.00045212094533960854,0.00045212094533960854,0.00045212094533960854,0.00045218308201902036,0.00045225098139752484,0.00045225011426462127,0.0004522386979620777,0.00045215730757363937,0.00045215730757363937,0.00045215597587786196,0.00045218226788351466,0.0004522903195445255,0.0004522493953688405,0.00045218657514458266,0.00045216124851689247,0.00045215185287936,0.0004521549492843354,0.0004521549492843354,0.00045208120912810547,0.00045206471080253815,0.00045197922615577946,0.0004519834027707499,0.0004520017279978541,0.00045205100562420756,0.00045201355112043084,0.00045201355112043084,0.00045203082903218006,0.00045205163982091904,0.00045205163982091904,0.00045205163982091904,0.0004520522502722585,0.0004520389382555822,0.00045208719870106124,0.00045210554700394974,0.00045216244497456136,0.0004521777807844334,0.00045221325799151766,0.00045221325799151766,0.00045221325799151766,0.00045221845901447573,0.00045221845901447573,0.00045221845901447573,0.00045223930733892217,0.00045226692132491984,0.00045224429351681527,0.00045224429351681527,0.0004522511111450265,0.0004522511111450265,0.00045215620386636736,0.0004522137016767301,0.0004522019600103214,0.0004522019600103214,0.00045220343259939146,0.0004521756076305351,0.0004521477995695906,0.0004521071234947807,0.0004521428699344231,0.0004521491064156043,0.0004520116464668038,0.0004520112323298837,0.0004520391667525714,0.0004519569212136865,0.0004519686118086789,0.0004519686118086789,0.0004519800516251908,0.0004519800516251908,0.0004519800516251908,0.0004519896269740066,0.00045197509575807743,0.0004519880160602875,0.0004520762376341929,0.00045198827659377106,0.00045198827659377106,0.0004520201868618286,0.0004520204093253295,0.0004520416615044601,0.0004520416615044601,0.0004520416615044601,0.0004520569286796449,0.0004521111099879685,0.00045212798814884636,0.0004521300538502024,0.00045214003852950393,0.00045214116983549444,0.00045214116983549444,0.00045213971791903184,0.00045220441088323076,0.0004522017438475772,0.0004522666897047728,0.00045223972310711504,0.000452237777257062,0.000452247336588361,0.00045225178948608835,0.00045225178948608835,0.00045225562010308036,0.0004521851226891372,0.0004521438641287819,0.00045216986183126525,0.00045216986183126525,0.0004521958308747076,0.0004521451455308304,0.0004521451455308304,0.00045213549406124026,0.00045213549406124026,0.00045213048374540606,0.0004520630970954823,0.0004520630970954823,0.0004520668657125521,0.0004520677948450341,0.000452177543617199,0.0004521760937003651,0.0004521667572858218,0.00045216026294551563,0.00045214346422364955,0.00045216267400075667,0.000452004154975707,0.00045197869206451677,0.00045198705444466866,0.00045203259161345386,0.00045203259161345386,0.00045203259161345386,0.00045203259161345386,0.00045214646271981245,0.0004521091142955702,0.00045206196925729554,0.0004520548138563228,0.00045209515125514926,0.0004515655938419699,0.00045158747746062294,0.0004515292460401324,0.00045163799108384977,0.0004516284365095872,0.0004516558715870616,0.0004516558715870616,0.0004516558715870616,0.0004515931510223676,0.00045161072729408246,0.00045161072729408246,0.00045161072729408246,0.0004516330009411738,0.0004516330009411738,0.0004516330009411738,0.00045170463214025663,0.0004517375661927456,0.00045149493083500276,0.00045143325712110354,0.00045143325712110354,0.00045144499495614125,0.0004514064585216959,0.00045153862364919243,0.00045153862364919243,0.00045158000072131253,0.0004515483260842663,0.0004515483260842663,0.00045149872502837836,0.00045148387710705097,0.00045146809848806764,0.00045146809848806764,0.00045154470277628623,0.0004513924706772158,0.0004513924706772158,0.00045136214950105153,0.00045136214950105153,0.00045127902033619796,0.00045133890589410677,0.00045133890589410677,0.000451316044339591,0.00045126800935736694,0.00045133463207793254,0.00045138271080963566,0.00045138271080963566,0.00045137270314934513,0.00045135851620913827,0.00045135851620913827,0.00045135851620913827,0.0004513414403677155,0.0004513414403677155,0.00045138684168330245,0.00045138684168330245,0.00045135349146053984,0.0004513590366348956,0.00045132333645591906,0.00045132333645591906,0.0004513177289229026,0.0004513177289229026,0.0004513177289229026,0.0004513044575896528,0.0004513044575896528,0.0004513334775507879,0.00045124403879893407,0.00045129705253022564,0.0004512219007420837,0.0004512219007420837,0.000451219490149114,0.00045123616324483186,0.00045123616324483186,0.00045123616324483186,0.00045126961650415,0.0004512463156328924,0.0004511627113488392,0.0004512007290249459,0.0004512007290249459,0.00045127890989387265,0.0004512651786458873,0.0004512539999069628,0.0004512547708907167,0.00045124967810949523,0.00045124967810949523,0.00045124967810949523,0.00045124967810949523,0.00045124517252624364,0.0004512017037661697,0.0004510735535611019,0.0004510446166113449,0.0004510392848591403,0.0004510100454889811,0.00045092852859897206,0.00045089331878810936,0.00045089331878810936,0.00045089331878810936,0.0004509247234931265,0.0004509247234931265,0.0004509184371902364,0.0004509100829307634,0.0004508757581470668,0.0004508080925867782,0.00045078906580110734,0.0004508368993621613,0.0004508420887332154,0.00045083179326563006,0.00045083179326563006,0.0004508235089900847,0.0004508335956663607,0.00045080898718228933,0.00045075993131425484,0.00045075993131425484,0.00045075993131425484,0.00045075993131425484,0.0004507581007820245,0.0004507581007820245,0.0004507209183730252,0.0004507209183730252,0.00045075386554306834,0.00045075386554306834,0.00045059192849315635,0.00045063468883278356,0.00045062777553688346,0.0004506802791575615,0.0004506802791575615,0.00045068725233825567,0.0004507093514567533,0.0004507427620108545,0.00045073166176343426,0.0004508396116304155,0.00045079328218090354,0.00045075770391416137,0.0004507379574369971,0.000450721572106752,0.0004508414845845047,0.0004508727457903581,0.0004509472072801212,0.0004509472072801212,0.0004509472072801212,0.0004509862322057631,0.0004510116570060203,0.0004510459687585263,0.0004510538997423165,0.0004510538997423165,0.0004510538997423165,0.0004510538997423165,0.0004510538997423165,0.00045099611003401706,0.00045101040999833385,0.0004510065238154447,0.0004510065238154447,0.00045107092306954135,0.00045107092306954135,0.00045107402389911905,0.00045108705770819215,0.00045107065172707707,0.00045107309901688434,0.000451027535726229,0.000451022245226707,0.00045101989929170196,0.0004510449897350367,0.00045092687146131336,0.0004508871729734302,0.0004508197550634356,0.0004507718259814828,0.00045073644636435626,0.0004506370500903426,0.0004506370500903426,0.0004506569118391964,0.0004506237071905005,0.0004506237071905005,0.0004506284969145308,0.0004506022611708026,0.00045062458814833695,0.00045062458814833695,0.00045062458814833695,0.0004506429588719939,0.00045068155338522705,0.00045068155338522705,0.0004507076790665968,0.00045070819112426054,0.0004506312612705875,0.0004506626653691739,0.0004505201955409394,0.000450487033752886,0.0004504470079091809,0.0004504470079091809,0.00045044495309065413,0.0004504641546348737,0.00045042271029206303,0.0004503790351849841,0.00045040886135630563,0.00045040886135630563,0.000450293270506822,0.0004503227676569188,0.0004503227676569188,0.0004502674133771093,0.0004502710906852425,0.00045001551021678755,0.0004499900755455938,0.0004501145644092293,0.0004503130051997133,0.0004503380448366184,0.0004503380448366184,0.0004503380448366184,0.0004503380448366184,0.0004504385813883626,0.000450457718478985,0.000450457718478985,0.0004504379915619304,0.0004504379915619304,0.0004504428081796851,0.0004504384266356445,0.0004504384266356445,0.0004504384266356445,0.0004504415283207549,0.0004504017977146839,0.0004503523555797943,0.00045021365025789823,0.00045021365025789823,0.0004502068462709723,0.0004502478285003617,0.00045020542363577123,0.00045021988454528193,0.000450198424867664,0.0004501096208024781,0.0004501096208024781,0.0004501096208024781,0.00045007116689722084,0.00045007116689722084,0.00045007116689722084,0.00045015530729134953,0.00045015530729134953,0.000450111567139442,0.00045006391284413373,0.00045005967978108374,0.00045003985672876975,0.00045003985672876975,0.0004499989790290542,0.0004499989790290542,0.0004499989790290542,0.0004500501074174106,0.00045002817883175083,0.0004499726444880063,0.0004499845038919131,0.00045004505693328956,0.00045004505693328956,0.00045005923023012375,0.00045005923023012375,0.0004500724512872356,0.0004500772835653636,0.000450092203489456,0.000450092203489456,0.00045007376440919886,0.00045007376440919886,0.0004500722776909271,0.0004501307555131955,0.00045018294395150754,0.0004501403339410024,0.0004501383599227704,0.0004501383599227704,0.00045012985158577294,0.0004500837526542847,0.00045006866371529315,0.0004500469364164647,0.0004500695674047653,0.0004501774724276655,0.0004501772298314946,0.0004501421681606104,0.00045002697798503005,0.0004499766586379735,0.0004499766586379735,0.0004499493497582021,0.00044995589244122323,0.0004499835206570836,0.0004499654893712779,0.0004499654893712779,0.0004499654893712779,0.0004500615142156944,0.0004500340298207538,0.0004500611450971212,0.0004500611450971212,0.0004500611450971212,0.00045005896908123353,0.00045005896908123353,0.00045005896908123353,0.00045005896908123353,0.00045005896908123353,0.00045012839661556336,0.00045012839661556336,0.00045009519652619177,0.0004500573637201831,0.0004500785134820412,0.0004500785134820412,0.0004500785134820412,0.00045007551508802185,0.0004501066008686316,0.0004500556443560944,0.00045015299843758743,0.00045018570871865177,0.00045016685154689544,0.0004502203337379916,0.0004502203337379916,0.0004502405581859039,0.00045025958086003157,0.0004502337666076289,0.0004502337666076289,0.0004502337666076289,0.0004502337666076289,0.0004502337666076289,0.0004502024532600273,0.0004502024532600273,0.0004502024532600273,0.00045019014454431933,0.0004501489545279461,0.0004501489545279461,0.0004501489545279461,0.0004501952639566659,0.0004502202060171883,0.0004502270075445332,0.00045029529363591633,0.0004502977293000672,0.0004502977293000672,0.0004502977293000672,0.000450257075729418,0.000450257075729418,0.00045020506153657804,0.00045021019175433505,0.00045021545733453375,0.0004501821349712538,0.0004501350949535141,0.0004500831684316539,0.000450060104193334,0.0004500573277080165,0.00044996653939663743,0.00045002245111662497,0.00045002245111662497,0.0004500207381611563,0.0004500207381611563,0.0004500207381611563,0.00045003412524400785,0.00045003412524400785,0.0004500135027772443,0.0004500135027772443,0.0004499954780642005,0.0004500147735731114,0.00045031312899957056,0.00045031312899957056,0.00045032310074454983,0.000450295028189593,0.0004502386585419914,0.0004502386585419914,0.0004501666182800738,0.00045013947995437286,0.00045000229036105347,0.00044995671565209683,0.00044997646646794044,0.00044997646646794044,0.000450007504182558,0.0004499419131937339,0.00044993529016400333,0.00044993890467306464,0.00044997098641749624,0.0004499739987047222,0.0004499739987047222,0.0004499963525374274,0.0004499963525374274,0.0004499963525374274,0.0004499963525374274,0.00044999981523249677,0.0004499702587030142,0.00045005383664763844,0.00045006043171376257,0.00045006043171376257,0.0004500796098597362,0.00045003380253057847,0.0004500302737504999,0.00045006167994021787,0.0004500698276183768,0.0004500761204470998,0.000450109533150576,0.000450109533150576,0.00045011831056828274,0.00045011831056828274,0.0004500551518096277,0.00045005730741949586,0.00045005730741949586,0.00045005730741949586,0.0004500373955186246,0.00045009927723688506,0.00045006221568778224,0.00045006221568778224,0.00045006221568778224,0.00045006221568778224,0.00045006221568778224,0.00045006221568778224,0.0004500134648205684,0.0004500134648205684,0.00045001376008881657,0.00045007361238433026,0.0004500548358812558,0.00045002233550377543,0.0004499738989529716,0.000449934575109852,0.000449918621674211,0.000449918621674211,0.00044991091820297365,0.0004499035239655202,0.0004499035239655202,0.00044994087075856575,0.00044994087075856575,0.00044994087075856575,0.00044999833909774794,0.0004500454826687044,0.00045004400107978484,0.00044994832209249724,0.00044995394826582427,0.00044995394826582427,0.00045000492833909304,0.0004499901327905,0.0004499901327905,0.00045007250731375663,0.00045007250731375663,0.00045008503440809185,0.00045009729277345587,0.00045009729277345587,0.00045009729277345587,0.00045009729277345587,0.00045033965823098725,0.00045033965823098725,0.00045034032587140124,0.00045034032587140124,0.0004503969585969589,0.0004503969585969589,0.0004504218412945806,0.000450420527928441,0.0004503955170672653,0.0004503955170672653,0.0004503955170672653,0.0004503982396708191,0.0004503975584957474,0.0004503975584957474,0.0004503907245700477,0.0004503907245700477,0.00045036235387811696,0.00045036235387811696,0.0004503455613738976,0.0004502900781538373,0.0004502762306904267,0.0004502762306904267,0.0004502762306904267,0.00045023370652859233,0.00045023370652859233,0.0004502574918362182,0.0004502574918362182,0.0004502574918362182,0.0004503426002785889,0.0004503426002785889,0.0004503215203739692,0.0004503215203739692,0.0004503215203739692,0.0004503433974463437,0.0004503433974463437,0.00045017966607711825,0.000450221703731747,0.000450221703731747,0.00045022194653228636,0.00045024371635098343,0.00045021201810762035,0.0004502367346624756,0.0004502367346624756,0.0004502367346624756,0.0004502717713041092,0.00045027846959819017,0.0004503360653002921,0.00045032830512096826,0.00045032830512096826,0.00045032830512096826,0.0004503452466006475,0.0004503452466006475,0.0004503452466006475,0.0004503452466006475,0.0004503298146788758,0.0004502474081670635,0.00045029618952142756,0.0004503402008436348,0.00045031111947385177,0.00045031111947385177,0.0004503120210924579,0.00045030593904387344,0.00045030593904387344,0.00045030593904387344,0.0004502769396515553,0.00045033330753557315,0.00045026182820177325,0.0004502651264481741,0.0004502651264481741,0.0004501186318436849,0.0004501047331396991,0.0004500715660040649,0.0004500520021870686,0.0004500520021870686,0.0004500520021870686,0.00045012647863360526,0.0004501531836753916,0.00045018196908673904,0.0004501852758606532,0.0004501852758606532,0.0004501852758606532,0.0004501676422860206,0.0004501872452769635,0.00045021983343099194,0.00045021983343099194,0.00045026010455107707,0.00045026010455107707,0.00045026010455107707,0.0004502285104650918,0.0004502285104650918,0.0004502285104650918,0.0004501857194416438,0.0004501857194416438,0.0004501857194416438,0.0004501857194416438,0.00045011686887280804,0.00045011686887280804,0.00045011686887280804,0.0004500861766786415,0.0004500861766786415,0.00045005363726548735,0.00045005363726548735,0.00045005363726548735,0.00045009756136452376,0.00045010447019816176,0.000450138048926791,0.000450138048926791,0.0004501493189467554,0.0004501631168294929,0.0004501608890766349,0.00045016204824152936,0.00045016490496104384,0.0004503252286429487,0.000450257900065931,0.00045024159505813795,0.0004501902422727889,0.00045020195236331756,0.00045022062212159836,0.00045016473018371945,0.00045014839212387985,0.00045014839212387985,0.00045014839212387985,0.00045012088338986807,0.00045012088338986807,0.0004501298194107368,0.00045014720519986646,0.0004502690809280671,0.0004502690809280671,0.00045028792375291027,0.0004503580011151235,0.00045033423285976065,0.00045033423285976065,0.00045028068697073454,0.0004502255015354232,0.0004502255015354232,0.00045018275412377073,0.00045018275412377073,0.0004501854001618102,0.00045019902048297304,0.00045019417967055356,0.0004502204286858154,0.000450289843480323,0.00045029456147580065,0.00045022414659553464,0.00044947009526367433,0.0004493991708010421,0.0004493727015777072,0.000449355638253993,0.0004494512851815524,0.00044904636045582527,0.00044904458488881187,0.0004491068516207582,0.000449143544235965,0.000449143544235965,0.000449143544235965,0.0004491868823442208,0.00044912816255839434,0.00044912816255839434,0.0004490551490441571,0.0004490551490441571,0.0004490551490441571,0.00044892588605863844,0.00044892588605863844,0.00044892588605863844,0.00044898295076328473,0.00044898295076328473,0.00044898295076328473,0.0004490213029083829,0.00044902229023852764,0.000448866308398596,0.0004487768977260869,0.000448807659776788,0.000448807659776788,0.00044880481331583153,0.00044880481331583153,0.00044866150969717926,0.00044866150969717926,0.0004485972593092256,0.0004485972593092256,0.00044855887364276354,0.00044855887364276354,0.00044847547471477746,0.00044846953451182386,0.00044853338169138817,0.00044852516161985885,0.00044855997603763403,0.00044855997603763403,0.00044851539027018967,0.0004485172122356644,0.0004485660958041955,0.0004485660958041955,0.0004485660958041955,0.0004485550725171327,0.0004485444257017461,0.0004485132761299957,0.0004485214829595355,0.0004485214829595355,0.00044849597418424855,0.00044849597418424855,0.0004484382044110899,0.0004484382044110899,0.00044837171297296824,0.0004483254301196422,0.0004483453760344979,0.0004483831641980311,0.00044830459312285623,0.00044838048978098786,0.00044848174951338065,0.00044848174951338065,0.00044840682205190283,0.00044834549289998944,0.0004483505793859156,0.0004483505793859156,0.0004483505793859156,0.00044822291345216386,0.00044821952117474455,0.00044816286414473667,0.000448083145472051,0.000448083145472051,0.0004480461416292758,0.00044809502603248213,0.00044809502603248213,0.00044804849393982615,0.0004481093985465279,0.0004481093985465279,0.0004481093985465279,0.00044811955310276267,0.0004481440853290618,0.00044813353941105556,0.00044813353941105556,0.0004481083899286537,0.0004481083899286537,0.00044813981094888694,0.00044813981094888694,0.00044813280200513565,0.0004482361254802494,0.0004481790400616177,0.0004481017761052116,0.00044810252915942935,0.00044809926533780856,0.00044809926533780856,0.00044811870900583035,0.0004480989704107138,0.0004480989704107138,0.0004480989704107138,0.00044806895823386425,0.0004479734069206887,0.00044798141911782667,0.00044791652463907114,0.00044798185592434775,0.0004479935589252329,0.0004479633783153565,0.0004479603315140771,0.0004479796563546154,0.00044797761688183604,0.00044805597246674146,0.00044805597246674146,0.0004480603529785086,0.00044801907841019296,0.00044801907841019296,0.0004479732306315292,0.00044791271716450407,0.0004478933457737539,0.00044791834567984483,0.00044791834567984483,0.0004479790471518198,0.0004479790471518198,0.0004479509281998689,0.00044783670467177315,0.0004479369524884967,0.00044799901124432956,0.00044805966532236887,0.00044805966532236887,0.00044786482500929853,0.0004479246258542651,0.0004479246258542651,0.0004479246258542651,0.00044784260653446295,0.00044784260653446295,0.00044784260653446295,0.0004478500534420758,0.00044783018479313644,0.0004477423967346256,0.00044771318324875414,0.00044771318324875414,0.00044771318324875414,0.00044771318324875414,0.00044771318324875414,0.00044773794928745493,0.0004477444509079603,0.0004477545073140089,0.00044772805360487146,0.0004476857623148817,0.0004476932377969486,0.00044771464847384964,0.0004477625781304871,0.00044780953888987567,0.00044780953888987567,0.00044771748372427665,0.00044766821734047794,0.00044766821734047794,0.00044766821734047794,0.00044769714539284175,0.00044769714539284175,0.0004477090304037511,0.0004477065188800181,0.00044771959277530997,0.00044771959277530997,0.0004478099290911989,0.0004478099290911989,0.0004478099290911989,0.0004477476382767923,0.00044770137645830274,0.0004477168174965413,0.00044780006474808075,0.00044776841982521845,0.0004477825402820654,0.00044780132824104584,0.00044778647692692003,0.0004477736449796537,0.0004477736449796537,0.0004477736449796537,0.0004478009023773136,0.0004478009023773136,0.0004478009023773136,0.0004477273979231851,0.0004477273979231851,0.0004477273979231851,0.00044777367988020584,0.00044778922327802425,0.00044782051402660815,0.0004479670763509474,0.00044779674497770743,0.00044779674497770743,0.00044779674497770743,0.00044779674497770743,0.00044779674497770743,0.0004477437834184809,0.000447869293752697,0.00044784662842036897,0.0004478308956584148,0.00044782203995339005,0.00044782203995339005,0.00044782203995339005,0.00044778281317707627,0.00044778281317707627,0.00044778281317707627,0.00044786522389234746,0.0004478340611360635,0.0004478611463438284,0.0004478491935930305,0.00044785372614180306,0.0004478314130879504,0.0004478035784715268,0.0004478436615079736,0.00044787655620418595,0.00044787655620418595,0.00044787655620418595,0.00044788693190752054,0.0004479093291790622,0.0004479093291790622,0.0004479093291790622,0.00044796617709717335,0.00044796617709717335,0.00044795218300107994,0.00044795218300107994,0.0004477853161821599,0.0004477853161821599,0.0004477950037960439,0.0004477950037960439,0.0004477950037960439,0.0004477626231501118,0.00044780600962107117,0.0004478376141751273,0.00044794454345790897,0.0004479521029670396,0.0004479521029670396,0.0004479521029670396,0.0004479437827609285,0.0004479437827609285,0.00044790865989257223,0.00044801475279966933,0.00044801475279966933,0.00044813292681641795,0.0004480636124544531,0.0004480636124544531,0.00044798873182127304,0.0004479775715177591,0.00044790705580338903,0.00044790705580338903,0.00044776897580934644,0.0004478256861701954,0.00044780576800871566,0.0004478243517192479,0.00044776050003108073,0.0004477074883642507,0.0004477074883642507,0.0004477074883642507,0.000447680948036506,0.000447680948036506,0.00044772185760225195,0.0004477139942466291,0.0004477139942466291,0.0004477139942466291,0.0004477554691086246,0.00044782232018019774,0.000447716589793597,0.0004477669244923026,0.0004477566285565927,0.0004477566285565927,0.0004475207933272893,0.000447496375859693,0.0004475065232704181,0.0004475065232704181,0.00044748670768589955,0.00044748670768589955,0.0004475167343232097,0.0004474486392727217,0.00044746520192957357,0.00044750559025463315,0.00044750559025463315,0.00044750559025463315,0.00044732254316986114,0.0004473028838248693,0.0004473028838248693,0.0004473028838248693,0.000447275357336317,0.00044723846801720195,0.0004472635495049871,0.00044731309127970565,0.00044737055958468734,0.0004473705048652161,0.0004473705048652161,0.0004474357347234124,0.0004473910354646415,0.00044744191190743924,0.0004474344601565388,0.0004474331393539605,0.0004474331393539605,0.00044730268522951935,0.00044730268522951935,0.00044722190792099477,0.0004472034282951277,0.0004472034282951277,0.0004471981995727113,0.0004472024209561577,0.0004471516526029092,0.00044705400804741474,0.0004469264997168569,0.00044695750430267384,0.0004469086530117298,0.0004469086530117298,0.0004469086530117298,0.0004469086530117298,0.00044695309941683207,0.00044695309941683207,0.0004470383267762267,0.0004470288062734659,0.0004470288062734659,0.0004470288062734659,0.00044702966264543336,0.00044702966264543336,0.00044702966264543336,0.0004469588457866214,0.0004469573674543119,0.0004469573674543119,0.00044695001332889007,0.00044695001332889007,0.0004470555843246234,0.0004470526401629447,0.0004470006881956585,0.00044701339756202997,0.0004470703034833526,0.0004470684995218321,0.00044701899965900876,0.0004470938909220836,0.0004471166558006376,0.00044711774421523883,0.00044698091252980485,0.0004469546123312006,0.00044700429990736644,0.00044702186947498173,0.00044702186947498173,0.00044705932881027526,0.00044705932881027526,0.0004470206676318066,0.0004470206676318066,0.0004470079376579154,0.00044701256253148883,0.0004470069752828065,0.0004470114592967858,0.000447037932074129,0.00044701015909360224,0.00044704817120432645,0.0004470918343413217,0.0004471177277073714,0.0004471991931361397,0.0004472095197996585,0.00044718129218264613,0.00044718129218264613,0.00044718129218264613,0.00044718129218264613,0.00044718129218264613,0.00044718129218264613,0.00044718129218264613,0.00044715533702713235,0.00044715533702713235,0.00044714058618381606,0.00044711733256383305,0.0004470770160673253,0.00044712642589076374,0.00044715967020888566,0.00044715574887580845,0.00044715574887580845,0.0004471183999296264,0.0004470175577717459,0.0004470175577717459,0.0004470608597486868,0.00044703869045916,0.00044703869045916,0.00044701694399194874,0.00044701694399194874,0.00044698647068234983,0.0004469823630454512,0.0004469823630454512,0.0004469840784561912,0.0004470247335719817,0.0004470369730174147,0.0004442451867254613,0.0004443261814693049,0.0004441850629482478,0.0004442516487869104,0.000444277303304316,0.00044427253254640634,0.0004440051882897404,0.00044409155756611424,0.0004440846331239317,0.0004440846331239317,0.0004440846331239317,0.0004440541251795226,0.00044403741152976214,0.0004440553249659181,0.0004441167416630763,0.00044411197513582464,0.00044411197513582464,0.00044411197513582464,0.0004440702492666973,0.0004440702492666973,0.00044405777816610396,0.0004440227340933924,0.0004440227340933924,0.00044399363684603,0.00044399363684603,0.00044399363684603,0.0004440290404792176,0.0004440290404792176,0.0004440290404792176,0.0004440290404792176,0.0004440147354871691,0.0004440147354871691,0.0004440333540717623,0.00044392811814098653,0.0004439472274307749,0.0004439472274307749,0.0004439472274307749,0.0004439331578101497,0.0004439331578101497,0.000443888252456865,0.00044389818876800836,0.0004438497596667654,0.00044385745903904373,0.00044385745903904373,0.00044374555184048016,0.00044365816112983494,0.00044365816112983494,0.00044360007969849113,0.00044353993841463664,0.0004435854492383716,0.0004435656862201705,0.00044346923771463985,0.00044346923771463985,0.00044351935568657,0.00044351935568657,0.00044346194883121073,0.0004433997593705137,0.0004433242422276887,0.0004433242422276887,0.0004433242422276887,0.0004433242422276887,0.0004433242422276887,0.0004432499483159276,0.00044324686049888255,0.00044320673125463613,0.00044328748264977133,0.00044326583465868427,0.00044328770227256866,0.00044328770227256866,0.0004433357191347281,0.00044335085380953936,0.00044335085380953936,0.0004433847638141723,0.0004434629230631178,0.00044344647935691116,0.00044346085190693655,0.00044346085190693655,0.0004434366392971817,0.00044347771159016506,0.0004434494619003251,0.0004434494619003251,0.0004434246935482717,0.0004434246935482717,0.00044346095812485914,0.000443220090016086,0.00044314357054840996,0.00044314357054840996,0.00044309514806769993,0.00044309514806769993,0.00044310840927502224,0.00044310840927502224,0.00044310840927502224,0.00044310840927502224,0.0004429742348709846,0.0004429742348709846,0.00044276404652089315,0.0004425936894476067,0.00044261860288425585,0.0004425986957544707,0.0004423987963122868,0.000442391910738023,0.000442391910738023,0.000442391910738023,0.0004423190663884999,0.00044230070792568554,0.00044229450732270645,0.0004422490722823157,0.0004422656836082991,0.0004422656836082991,0.00044225306645078225,0.00044225306645078225,0.00044223175279771757,0.0004420666061707609,0.0004421510030556399,0.0004421969238163576,0.00044217108057728144,0.00044224901426911104,0.0004422965688598145,0.0004422871430827011,0.0004422871430827011,0.0004422871430827011,0.00044232539425798496,0.00044232539425798496,0.00044231777133776364,0.00044231777133776364,0.00044235454256737677,0.0004423612657305265,0.0004423338740790922,0.0004423338740790922,0.0004423338740790922,0.0004423740065941683,0.00044222997632040894,0.00044222997632040894,0.0004422126014458281,0.0004421528311836073,0.0004421790576527119,0.0004421790576527119,0.0004421790576527119,0.0004421790576527119,0.0004422711192076557,0.0004422846146682138,0.0004422846146682138,0.0004422867949837613,0.0004423295177973726,0.00044231987851076044,0.00044231987851076044,0.00044235961239653124,0.0004423790550898181,0.00044243436360432803,0.00044243436360432803,0.00044243436360432803,0.00044239118172190536,0.0004423175340701773,0.0004423175340701773,0.0004423175340701773,0.0004423175340701773,0.00044233677797476706,0.000442334167816065,0.000442334167816065,0.00044231342085964884,0.00044219052621419604,0.00044218840500086394,0.00044218840500086394,0.00044216172765484035,0.000442202169864148,0.0004422057679399954,0.0004422057679399954,0.0004422057679399954,0.00044220803713214467,0.00044224528738369504,0.00044224528738369504,0.0004423018094462688,0.00044219239232073,0.0004421927160564977,0.0004421927160564977,0.00044223431630509736,0.0004422449029464907,0.00044226106223959233,0.0004421860128663632,0.0004421860128663632,0.0004420687690670358,0.0004418360130913317,0.000441706660251202,0.0004416382019504826,0.0004417438664130715,0.00044172038044105083,0.00044172038044105083,0.000441724627610967,0.00044183262955265997,0.00044183262955265997,0.00044182547487733057,0.0004418054680779142,0.0004418054680779142,0.00044193777279007623,0.00044198930786337845,0.00044198930786337845,0.0004419760232040796,0.00044194080049648473,0.00044194080049648473,0.00044194158073861773,0.00044194158073861773,0.0004420132439700526,0.00044205166862085996,0.00044205166862085996,0.00044205166862085996,0.0004419120335976488,0.00044202673465730606,0.00044197478836322104,0.00044197478836322104,0.0004419553870297463,0.0004419077174733886,0.0004418883162353765,0.0004418883162353765,0.0004418725999649126,0.0004418795373766647,0.0004418795373766647,0.0004418795373766647,0.0004418997891646834,0.0004418997891646834,0.0004416688274734842,0.00044167511829225326,0.0004416786280470505,0.0004416786280470505,0.0004416571132956738,0.0004416571132956738,0.0004415719371205332,0.0004415887762175438,0.00044158315031761773,0.00044152529508857853,0.0004414440087072799,0.0004414440087072799,0.0004414440087072799,0.0004414440087072799,0.0004414440087072799,0.0004414440087072799,0.00044138612289719973,0.00044138612289719973,0.00044130672828689724,0.00044129775251386123,0.00044135342684556195,0.00044142870016164964,0.00044135774436993193,0.0004413998163404383,0.00044137643856719926,0.0004413782688725984,0.0004412919464744967,0.0004412919464744967,0.0004412734149555554,0.00044112943190434054,0.000441132252323267,0.000441132252323267,0.0004411653420949454,0.00044114169296849827,0.00044102649897339804,0.00044102649897339804,0.0004411260746919044,0.0004410953668742236,0.0004410493829841003,0.0004410493829841003,0.0004410493829841003,0.00044110375391246456,0.00044110375391246456,0.00044110375391246456,0.0004410863115743067,0.000441092193253848,0.0004410661556851658,0.0004409859999700139,0.0004410134824279068,0.0004410134824279068,0.0004410134824279068,0.0004410134824279068,0.0004409683188450124,0.00044092064727781346,0.00044092064727781346,0.00044087446078474717,0.00044077003369308125,0.00044075487056404166,0.00044075487056404166,0.00044075226972395225,0.0004407393705180562,0.0004407285206847758,0.0004406566888220348,0.00044067644000105906,0.00044067644000105906,0.00044067644000105906,0.00044066153634757607,0.0004406344322081517,0.0004406344322081517,0.00044062052115685657,0.00044062052115685657,0.00044059690603694807,0.00044055262840202343,0.0004405340273991007,0.00044059295023867357,0.0004405822985891752,0.00044060203233996654,0.0004405894690536779,0.0004405894690536779,0.0004405841927564074,0.00044048988579351435,0.00044048988579351435,0.00044050957963696425,0.00044050957963696425,0.00044050957963696425,0.0004405223759455906,0.0004406088942558654,0.0004405922454057883,0.000440585853319404,0.00044065766960656194,0.00044065766960656194,0.0004406348509803367,0.0004406348509803367,0.00044068645980987656,0.00044069219978303697,0.00044065964829498685,0.00044064114167617256,0.0004405482012554596,0.00044053660847325626,0.00044053660847325626,0.00044048222942011703,0.00044047989417850763,0.0004405245243303283,0.0004406472077286906,0.0004406472077286906,0.0004406472077286906,0.00044064061474800354,0.00044064061474800354,0.00044067702750991757,0.00044067702750991757,0.00044067702750991757,0.0004407854230454997,0.00044078472982561525,0.00044082037680459265,0.00044082037680459265,0.00044082037680459265,0.0004408693837470926,0.00044087753762543153,0.00044089340994209485,0.00044089340994209485,0.00044091252503498625,0.00044095738866314985,0.00044095738866314985,0.00044093772741822854,0.000440925499728435,0.00044091026109252225,0.0004408790119014802,0.0004409910665479058,0.00044099653727810864,0.00044099653727810864,0.00044103777523783424,0.0004409775570721011,0.00044102192528223044,0.00044102192528223044,0.0004409905296821125,0.00044089749249672915,0.00044089749249672915,0.00044089749249672915,0.00044089749249672915,0.00044089749249672915,0.00044089177658195386,0.00044089177658195386,0.00044089177658195386,0.00044089177658195386,0.00044094722320708613,0.0004409310266037168,0.00044083434788638157,0.00044084115288851953,0.00044084115288851953,0.00044081595407579694,0.00044077339329584125,0.00044068832039955656,0.0004406669670185773,0.00044071478956667006,0.00044064163139159886,0.000440528987361014,0.000440528987361014,0.00044054944241801725,0.0004405739821889369,0.00044059443162503784,0.00044059443162503784,0.00044059443162503784,0.00044059443162503784,0.0004406061129630015,0.0004405469368290005,0.0004405469368290005,0.0004405051023537336,0.0004405051023537336,0.0004405051023537336,0.0004405051023537336,0.0004405051023537336,0.0004405051023537336,0.0004405051023537336,0.0004405051023537336,0.0004405051023537336,0.0004404329142944137,0.00044037597954078086,0.00044037597954078086,0.00044037597954078086,0.0004402889029240086,0.0004402889029240086,0.0004402889029240086,0.00044025951222571483,0.0004403125662224256,0.0004403125662224256,0.0004403125662224256,0.00044048563969843995,0.0004404495513523634,0.0004404495513523634,0.00044046969088200376,0.0004404489335850544,0.0004404601189493099,0.0004403949764102203,0.0004403949764102203,0.00044038305457892154,0.00044038305457892154,0.00044031221752322946,0.0004403818506953325,0.00044037581008388567,0.00044037581008388567,0.0004403790180037441,0.0004403790180037441,0.0004403828623109876,0.0004403828623109876,0.0004401618065354948,0.0004401618065354948,0.00044013162418508564,0.0004401115110147371,0.00044004678818020587,0.00043999642470707073,0.00043999642470707073,0.00044000841039296384,0.00043984217018418507,0.00043984217018418507,0.0004398154732285264,0.0004399849981978777,0.0004399910788492139,0.0004399910788492139,0.0004400234749886344,0.00044002503135576757,0.0004400676191036377,0.00044009752846145984,0.00044008696848403165,0.0004400915099151552,0.0004400915099151552,0.0004399758591909859,0.0004399758591909859,0.00044001422438398396,0.00044000975900935314,0.00044000975900935314,0.00044000002500100226,0.00044000002500100226,0.00044002868788060954,0.000440051854071117,0.000440051854071117,0.00043999565441359584,0.00043999565441359584,0.00043995886755914497,0.0004399401075097005,0.00043993825801399495,0.00043993825801399495,0.0004399970967551005,0.0004399389127200966,0.00043983147683726624,0.00043981906609821434,0.0004397886523097436,0.00043975801290979904,0.00043975801290979904,0.0004397648020942375,0.00043979803113113264,0.00043979803113113264,0.00043974625225025316,0.0004397760106379608,0.00043980490317403536,0.00043980490317403536,0.00043978360105723156,0.0004397511759603629,0.0004397961455702056,0.0004397390268891438,0.0004397835118811587,0.0004397835118811587,0.0004397835118811587,0.00043974964689696657,0.00043974939265728675,0.0004397772418185552,0.0004397480989418415,0.00043972807201067505,0.00043973360614224836,0.00043973360614224836,0.0004397323841853491,0.0004397323841853491,0.0004397684622323457,0.0004397684622323457,0.0004397643076075836,0.0004397890844127358,0.00043982639834828615,0.00043982639834828615,0.00043982639834828615,0.00043982420682310563,0.00043982420682310563,0.00043982420682310563,0.0004398446670606837,0.0004398446670606837,0.0004397944046758721,0.0004397944046758721,0.0004398249141089385,0.0004398465612672466,0.0004398637022662708,0.0004398614086770608,0.0004398384133130871,0.0004398384133130871,0.0004398384133130871,0.00043985448864475833,0.0004398025979710292,0.00043985529925897633,0.0004398527645682137,0.0004398527645682137,0.0004398527645682137,0.00043990486105867864,0.00043990486105867864,0.00043990486105867864,0.00043978841446707143,0.0004397630244831924,0.0004397918093025212,0.0004397918093025212,0.0004397918093025212,0.0004397709353400019,0.00043981976777427464,0.00043981976777427464,0.0004398169496509687,0.0004398749831344171,0.00043989628955001233,0.0004398554882859948,0.0004398554882859948,0.0004398554882859948,0.0004398735553713828,0.0004398735553713828,0.00043992088946137207,0.0004399415033425009,0.0004399415033425009,0.00043988337017793016,0.00043988515420778044,0.00043986807086174144,0.0004398992217957479,0.0004398992217957479,0.0004399862126606536,0.0004400076255420454,0.00043992996796763626,0.00043992996796763626,0.000439975155273709,0.0004400000747415726,0.0004400000747415726,0.0004400081289454237,0.0004400081289454237,0.0004399722960533633,0.0004399546981716231,0.0004399299364547273,0.0004399299364547273,0.0004398733953915578,0.0004398733953915578,0.00043992448181121583,0.00043992448181121583,0.0004399279870029922,0.0004398964804606373,0.000439862569148483,0.00043985464557981405,0.00043993948176200434,0.0004399152120159457,0.00044001126175795686,0.00044001126175795686,0.00044005539393360054,0.000440121817607994,0.00044011010876670816,0.0004400442950608947,0.0004401340079857525,0.00044015448518238114,0.0004401007821795073,0.0004400682028450637,0.00044002491233124236,0.0004401107431452081,0.0004401144564798469,0.000440254367470866,0.00044020036181513674,0.00044012158638492236,0.00044010502281131505,0.00044014287729585773,0.0004400823481816093,0.0004400823481816093,0.0004399265008056942,0.0004399669276318406,0.0004400160126352841,0.00044005710588505413,0.0004400236166761609,0.0004399820103347088,0.00043998272367410903,0.00043998272367410903,0.0004399970947759607,0.0004400666314786107,0.0004401021499659991,0.00044010015849429334,0.0004400837153740468,0.0004400837153740468,0.0004400448280912485,0.00044004073881332106,0.00044007408339513584,0.00044009538228669383,0.00044009538228669383,0.00044012125221683696,0.00044012125221683696,0.0004401753151165243,0.0004401182900000009,0.0004401088434221531,0.00044012474634356,0.0004401484411796628,0.00044020812379429576,0.00044011487396069057,0.0004401146379447108,0.0004401027020072363,0.0004400522904085889,0.0004400522904085889,0.0004399598854938719,0.0004399436591710176,0.0004400167248876264,0.0004400167248876264,0.00043998550851115283,0.00043998550851115283,0.0004399944836070335,0.00043960809353004533,0.00043948274509386317,0.00043942696964016664,0.00043942696964016664,0.00043953473392381685,0.0004394624741249538,0.0004394624741249538,0.00043929573854938514,0.00043926015651994037,0.00043927111784964896,0.00043927111784964896,0.0004392637049400027,0.0004392637049400027,0.0004392637049400027,0.0004392637049400027,0.0004392637049400027,0.0004392736510469638,0.00043918521339421986,0.00043918521339421986,0.0004391526503947298,0.00043915655529465586,0.00043918994922568827,0.00043930752024698276,0.00043923241070532447,0.0004392885727607005,0.00043924965742753305,0.0004393055836221545,0.00043928354995901247,0.00043924497535595424,0.00043917669684867127,0.00043915895987695823,0.0004392004041904886,0.0004392004041904886,0.0004391455895988123,0.0004391455895988123,0.0004391455895988123,0.0004390981832778489,0.0004390981832778489,0.0004390981832778489,0.00043906669992333186,0.0004391085523046427,0.0004391085523046427,0.0004391847824164968,0.00043920941885950267,0.00043920941885950267,0.00043924021037283474,0.00043924021037283474,0.00043924021037283474,0.00043914312767160416,0.00043914312767160416,0.0004390233299890181,0.00043904862775964433,0.00043904862775964433,0.00043901633739199187,0.00043901633739199187,0.00043901633739199187,0.0004390308358826915,0.0004390727403381251,0.0004390727403381251,0.0004390334633771664,0.0004390334633771664,0.0004390776019613856,0.00043896154663191283,0.00043886432570018245,0.0004389322559191625,0.0004389322559191625,0.00043891745878912663,0.0004387638396279658,0.0004387638396279658,0.0004387328822378534,0.0004386560028398974,0.0004386914013067819,0.0004387106279236309,0.0004387211104607415,0.0004387211104607415,0.00043863118766130786,0.00043861310293676076,0.00043865653390496684,0.0004387107554088581,0.0004387107554088581,0.0004387107554088581,0.00043875735485639304,0.0004386720000244282,0.000437201043576266,0.00043717563934331553,0.0004372153436868111,0.0004372153436868111,0.00043721294064219323,0.00043721294064219323,0.0004372401501387547,0.0004372522747364136,0.0004372138173489159,0.0004372138173489159,0.0004372204067428129,0.00043725254112901313,0.00043722717081506684,0.0004372223814909897,0.0004372223814909897,0.00043723598878807,0.0004372332606463786,0.00043723166046077743,0.0004372010821111719,0.000437175932245994,0.00043715111337492093,0.0004371401506093846,0.0004371401506093846,0.0004371401506093846,0.0004371297227940047,0.0004371357241360801,0.000437114456350395,0.0004370362315673511,0.00043709572000685625,0.00043716269641966955,0.00043716269641966955,0.00043716269641966955,0.0004371901092483142,0.0004370869171982405,0.00043711019056459025,0.000437171279776659,0.000437140717027542,0.00043716729302557106,0.00043723111934244435,0.00043723111934244435,0.00043725772379839115,0.00043723650941121614,0.0004372114311499684,0.0004372540184292387,0.0004371781881401517,0.00043717078717738037,0.00043717078717738037,0.0004370876922785171,0.0004370876922785171,0.00043707091046077233,0.00043705589380630956,0.00043705589380630956,0.00043705589380630956,0.00043704567445094583,0.00043704567445094583,0.00043713023094874985,0.0004370742733325945,0.00043706838877936367,0.00043704822414154207,0.000437005524837935,0.000437005524837935,0.000437005524837935,0.00043700839362370336,0.00043696453567527776,0.0004369147613902311,0.0004369147613902311,0.00043691626506296884,0.00043691626506296884,0.00043691626506296884,0.0004369249922048906,0.0004369249922048906,0.0004369238652071849,0.0004369238652071849,0.00043694932616476355,0.0004368929533365697,0.0004368929533365697,0.00043682199913873523,0.000436807084272682,0.0004368020196997013,0.0004368020196997013,0.0004368020196997013,0.0004368020196997013,0.0004368169163816502,0.0004368169163816502,0.0004368169163816502,0.0004367602670874113,0.0004367442762255815,0.0004367623913244036,0.0004367422164723431,0.00043672503521168063,0.00043672503521168063,0.00043672503521168063,0.00043672503521168063,0.00043672503521168063,0.00043672503521168063,0.0004367396738966041,0.0004367396738966041,0.0004355607650042408,0.0004355607650042408,0.0004355225102378452,0.0004355225102378452,0.0004354305754389745,0.0004353697830406141,0.0004353697830406141,0.00043523523370527894,0.00043521784219868135,0.0004352664917759137,0.0004352814069695273,0.0004351552267941456,0.000435169672105064,0.00043516169887608373,0.0004351573600281594,0.0004351573600281594,0.0004351890644201622,0.0004351438133214878,0.000435100004642854,0.0004350001810837054,0.0004350001810837054,0.00043500578120671035,0.0004349549016386543,0.0004349344155259547,0.000434865639702816,0.000434865639702816,0.0004348951332887327,0.0004348951332887327,0.0004348951332887327,0.0004348951332887327,0.0004349055178533217,0.00043484090836757634,0.00043484090836757634,0.00043476100245665476,0.000434797841805269,0.0004347068660156292,0.00043474111287095514,0.0004348083845230996,0.0004348573077199879,0.00043489713311293556,0.0004349237767260688,0.00043483681560788957,0.00043483681560788957,0.00043483681560788957,0.00043483681560788957,0.00043468787329170003,0.00043468787329170003,0.00043468787329170003,0.00043468787329170003,0.000434711066091859,0.0004347232998808998,0.0004346466526790041,0.00043463969625510534,0.0004346394821264514,0.00043468581007600555,0.00043478402875756324,0.0004346903233086175,0.0004346903233086175,0.00043462211083665866,0.000434693188140644,0.00043471686202316696,0.00043475066963041234,0.00043466375583647404,0.0004346251601722578,0.0004346114007472634,0.0004346060821897948,0.0004346247715287786,0.0004346683293858719,0.0004346380239769257,0.0004346380239769257,0.0004345983826490409,0.0004347129545829705,0.00043468964341327506,0.00043459560906840484,0.00043468763224736477,0.00043468763224736477,0.00043476605990643816,0.00043482562496352777,0.00043482631911070176,0.00043479200703691546,0.00043479200703691546,0.00043480346363923577,0.00043473372365550637,0.00043474167972947615,0.0004347249117253842,0.0004347249117253842,0.0004348115566885036,0.00043480167038149214,0.0004348563831994897,0.0004348563831994897,0.0004348563831994897,0.0004348563831994897,0.00043485123101669166,0.0004347019906137905,0.0004347019906137905,0.0004347515075246524,0.0004347717037254536,0.00043471984129186546,0.00043469373325458855,0.0004347603453880598,0.0004348138220668935,0.00043481352538525135,0.0004348458199480248,0.00043486877208458305,0.00043486877208458305,0.00043483819367211567,0.000434757193032833,0.0004347276478756336,0.00043470969754558935,0.00043470898868665426,0.0004347141510439709,0.0004346888425747566,0.0004346783946010107,0.0004346783946010107,0.0004346783946010107,0.0004346263950898717,0.0004346263950898717,0.00043465222559695605,0.00043465222559695605,0.00043465222559695605,0.0004345842734246271,0.0004345861788624981,0.0004345420676288327,0.00043445647275315965,0.00043433774110744253,0.00043433774110744253,0.00043433774110744253,0.00043433774110744253,0.00043433774110744253,0.00043433281540758846,0.0004343213001382005,0.0004343213001382005,0.0004342808406029594,0.00043433589575340786,0.00043433589575340786,0.00043433589575340786,0.00043432792133168497,0.00043435962260022153,0.00043436999129036955,0.00043436999129036955,0.0004344158942054671,0.00043448443911692523,0.00043448443911692523,0.0004344687116596299,0.00043455821945171053,0.0004345606338409003,0.00043463393701161324,0.0004346450237954696,0.00043468196665122355,0.0004346406977747218,0.00043452259305384606,0.0004345575163922935,0.00043454046176441335,0.00043456432444634297,0.00043447534296241935,0.00043447534296241935,0.0004344162613657032,0.0004344415583687746,0.00043444430747076546,0.00043444430747076546,0.00043446662074088566,0.00043440927533636945,0.00043440927533636945,0.00043440927533636945,0.00043423933957753314,0.0004341957912378739,0.00043417931299781195,0.00043425556505160916,0.0004342257446103814,0.0004343016989065673,0.0004342883583738197,0.00043430254752578254,0.00043430254752578254,0.00043425867311938865,0.00043420149859952413,0.00043420149859952413,0.00043408907120122425,0.000434102863925469,0.0004341068704478916,0.0004341068704478916,0.00043416854111821195,0.00043416854111821195,0.00043423800637381,0.00043423800637381,0.00043423418765181946,0.00043423706093277377,0.00043423706093277377,0.00043423706093277377,0.000434154623873395,0.000434154623873395,0.00043421221340337517,0.00043421221340337517,0.00043423997736122163,0.00043426745398146067,0.00043416997733161016,0.0004341379464188269,0.00043414015784583223,0.00043406784788987463,0.00043411203972473073,0.00043404000318432033,0.0004340498989306672,0.00043400204867776625,0.00043398189384377434,0.00043392219308946016,0.00043392219308946016,0.00043392219308946016,0.00043392219308946016,0.00043383263829215024,0.00043383263829215024,0.0004338972381306507,0.00043390437260099437,0.00043390437260099437,0.0004338881860159724,0.000433856733693017,0.000433856733693017,0.0004338153225296319,0.0004338772496546717,0.0004338606641039701,0.0004338606641039701,0.000433897077257246,0.000433855859279988,0.0004337202849800312,0.00043373134577864804,0.00043373134577864804,0.00043373134577864804,0.000433669984849478,0.000433669984849478,0.00043368143089952857,0.0004337142085624582,0.00043370806043913963,0.00043370806043913963,0.00043370806043913963,0.0004337341166958275,0.0004337341166958275,0.0004337235182242218,0.0004337224963807824,0.00043368568727704214,0.0004336533932004469,0.0004335742453044793,0.000433525719928849,0.0004335663215204825,0.0004334644616077127,0.0004334644616077127,0.0004334644616077127,0.0004334830691128559,0.0004334830691128559,0.000433235419979411,0.00043329101241471404,0.00043329101241471404,0.0004333068231507088,0.00043324331140583746,0.00043317007860731405,0.00043317007860731405,0.00043317007860731405,0.00043317007860731405,0.0004331803579531721,0.0004331678617651354,0.0004331678617651354,0.0004331439630542492,0.0004332398817633778,0.0004332398817633778,0.0004332398817633778,0.0004332216730214485,0.0004331802178907214,0.0004331931360872733,0.00043329697333717497,0.00043332944165492074,0.00043332526554509094,0.0004333750796368475,0.00043335360946620573,0.0004333203767056216,0.0004333203767056216,0.0004333326419332631,0.0004333823260674676,0.0004333823260674676,0.0004333823260674676,0.0004334442218838313,0.00043346183872068313,0.00043346183872068313,0.0004333392332137683,0.0004334562570705067,0.00043340299503068534,0.00043339402476392445,0.00043339402476392445,0.00043331764244765536,0.00043323697005388914,0.00043323697005388914,0.00043322266843105284,0.0004331918528031734,0.0004332320152282817,0.00043321736499559295,0.00043321736499559295,0.00043321385551208354,0.0004332433828486394,0.0004331394261768937,0.0004331394261768937,0.0004330469938618503,0.00043303894921016306,0.00043309773919863716,0.00043309773919863716,0.00043313963205913775,0.0004330072236792506,0.0004330072236792506,0.0004330072236792506,0.0004330072236792506,0.00043285457915574727,0.0004327738928452955,0.0004327738928452955,0.0004327738928452955,0.000432932695294047,0.0004329615744561325,0.000432960157674738,0.000432960157674738,0.000432960157674738,0.000432960157674738,0.00043299376664384797,0.00043299376664384797,0.00043299376664384797,0.00043299376664384797,0.0004330084688255239,0.00043304621007614016,0.0004330090219861177,0.0004330090219861177,0.0004330090219861177,0.0004330090219861177,0.0004329222866815694,0.0004329222866815694,0.0004329222866815694,0.00043284163823995627,0.0004330028267737557,0.00043308836019263444,0.00043300749791728066,0.00043300749791728066,0.00043301094161082095,0.0004329984911605823,0.0004329988058738957,0.0004329254664515952,0.0004328993247452883,0.00043287947215862904,0.0004329306660097609,0.0004329287860940666,0.0004329287860940666,0.0004329287860940666,0.00043292798012448184,0.0004329907344167146,0.0004329907344167146,0.0004329907344167146,0.0004329907344167146,0.0004329907344167146,0.00043299399412713587,0.00043297791693177326,0.0004329315795443227,0.0004329315795443227,0.00043295255839899085,0.00043295255839899085,0.00043296432559291904,0.00043296636745360835,0.00043300721887490394,0.0004329740169546534,0.0004329740169546534,0.0004329734534262369,0.0004329734534262369,0.00043288854657755175,0.00043288854657755175,0.00043288854657755175,0.00043288854657755175,0.00043291674542299605,0.000432898714791498,0.00043289320315816987,0.00043284799150537616,0.00043284799150537616,0.0004327932462244146,0.00043279169549447535,0.0004327964840200876,0.00043278208084171005,0.00043278208084171005,0.00043282783454292,0.0004328161721810825,0.0004328161721810825,0.0004328479298852738,0.0004328479298852738,0.0004328479298852738,0.00043270245899859443,0.00043270245899859443,0.00043270245899859443,0.00043270245899859443,0.00043270245899859443,0.00043270245899859443,0.00043270245899859443,0.0004325934018834325,0.0004325934018834325,0.0004325309047758278,0.0004325309047758278,0.00043245997707770103,0.00043245997707770103,0.0004324315383309273,0.00043243878004545135,0.00043243878004545135,0.00043243878004545135,0.00043243878004545135,0.00043243878004545135,0.00043247717954919345,0.00043247717954919345,0.00043244915135761026,0.00043244915135761026,0.00043244915135761026,0.0004325356979097153,0.0004325077454415876,0.0004325077454415876,0.0004325112510078702,0.0004325112510078702,0.0004325196324595563,0.0004325350786335059,0.0004325350786335059,0.0004325350786335059,0.00043250960095693984,0.0004325303884605803,0.0004325303884605803,0.0004325922960004101,0.00043253002758623997,0.00043253002758623997,0.0004326164497295211,0.00043262184514328766,0.00043261541534661844,0.00043261541534661844,0.00043250834204249585,0.00043250834204249585,0.00043250834204249585,0.00043246057656909695,0.00043246057656909695,0.00043244349907289154,0.00043244349907289154,0.00043244349907289154,0.00043244349907289154,0.0004325024406329138,0.00043242727298437223,0.00043242895482836633,0.0004323488821784512,0.0004323488821784512,0.0004323768578574846,0.0004323768578574846,0.0004322649399756746,0.000432304176647784,0.0004323048686635014,0.0004322531377645231,0.0004322531377645231,0.0004322531377645231,0.0004322531377645231,0.0004322565506552871,0.0004321285047320083,0.00043213972599367826,0.0004321341870645376,0.0004322984902971587,0.0004322984902971587,0.0004322984902971587,0.00043230123427604453,0.00043230240389183114,0.0004322674650987332,0.00043230967842296323,0.00043230967842296323,0.00043230967842296323,0.00043230967842296323,0.00043236050507468933,0.000432453763569965,0.0004323610682033483,0.0004323970262339973,0.0004323536767942931,0.0004323536767942931,0.0004323536767942931,0.0004322911258518815,0.0004322911258518815,0.0004322911258518815,0.0004322858170251052,0.000432087908415348,0.000432087908415348,0.000432087908415348,0.000432087908415348,0.0004320993719857154,0.0004321229912145643,0.0004321229912145643,0.00043213793953596105,0.00043214070043440456,0.00043214070043440456,0.0004321193962621662,0.0004321193962621662,0.0004321219010640916,0.0004321219010640916,0.0004321011533192455,0.0004321044784257912,0.0004321044784257912,0.0004320260326067189,0.0004320260326067189,0.00043208585660573835,0.00043210739027589183,0.0004322211593816561,0.0004322298825135637,0.0004322298825135637,0.00043224316987862605,0.00043224316987862605,0.00043224316987862605,0.0004310880681610671,0.00043109071530003965,0.00043109071530003965,0.00043106693883941937,0.00043106693883941937,0.0004310590817225225,0.0004310504228681461,0.000431070405624274,0.0004310741263134051,0.0004310741263134051,0.0004310741263134051,0.0004310741263134051,0.0004310741263134051,0.00043103679605866466,0.0004310770224126985,0.0004310534131041242,0.00043100644172871486,0.0004310503736108888,0.0004310503736108888,0.0004310503736108888,0.0004310503736108888,0.0004310503736108888,0.0004309555601696136,0.00043097976693477747,0.00043097976693477747,0.00043104229331302065,0.0004309618842012832,0.0004308970785088793,0.0004306852933702796,0.0004306874645513121,0.0004306270170310471,0.0004307110448507651,0.000430700022757788,0.000430700022757788,0.000430700022757788,0.000430700022757788,0.00043069863015914896,0.000430797693655486,0.0004307984296545525,0.0004307984296545525,0.0004307984296545525,0.00043082881190207624,0.000430862104197796,0.0004308423267416209,0.0004308331183072957,0.0004308331183072957,0.0004308331183072957,0.00043074794456431103,0.0004307409765634948,0.00043071497562175196,0.0004307254081866308,0.0004307494285750447,0.0004307494285750447,0.0004307494285750447,0.00043077073239550446,0.00043077073239550446,0.00043079044486876635,0.00043070665269688877,0.00043078227753873586,0.0004307876707809659,0.00043075124265532085,0.0004307249037096801,0.0004307249037096801,0.0004307256309953251,0.00043073358892798937,0.00043073358892798937,0.00043073358892798937,0.0004307391293681865,0.0004307052429511489,0.00043067417125649936,0.0004307211211777899,0.00043065383387777046,0.00043064724513553225,0.00043064440301919093,0.00043064440301919093,0.00043064440301919093,0.00043058783137285865,0.00043058783137285865,0.000430546551504799,0.000430546551504799,0.0004305011784350767,0.0004305061767690854,0.0004305061767690854,0.0004304678033127529,0.0004303561097868659,0.0004303561097868659,0.0004303561097868659,0.000430469597277626,0.0004305043336748454,0.0004305043336748454,0.00043049349931440585,0.00043042211607583847,0.00043044870529092874,0.00043041433867007484,0.0004297572807243588,0.0004297548948247714,0.0004297548948247714,0.0004298249312007764,0.00042989105678196683,0.00042989895424504074,0.00042993983498962394,0.000429924708827916,0.00042993608095047393,0.00042993608095047393,0.00042993608095047393,0.00042994709900570454,0.00042994709900570454,0.00042994709900570454,0.00043005875506910813,0.000430054338907343,0.0004300139484412754,0.0004300139484412754,0.0004300139484412754,0.0004300139484412754,0.00042992593964381203,0.0004299698289645595,0.0004299698289645595,0.00042990095133915506,0.00042990095133915506,0.0004297407307091281,0.0004297407307091281,0.0004297407307091281,0.0004296390952170278,0.0004297113533339414,0.0004297113533339414,0.00042974154969401603,0.0004296655801940049,0.0004296321670393728,0.0004296321670393728,0.00042958431053900055,0.00042958431053900055,0.00042958431053900055,0.0004296123056551615,0.0004296123056551615,0.0004295978171708779,0.00042960254144235965,0.00042973441049381025,0.0004298328273416595,0.0004298903297804897,0.0004299259661912547,0.0004299259661912547,0.0004299259661912547,0.0004299259661912547,0.00042993030309019126,0.0004298910483550685,0.0004298916178153635,0.00042996137424035894,0.00042996137424035894,0.00042996137424035894,0.00042996137424035894,0.00042996206817566774,0.00042996206817566774,0.00042996206817566774,0.00042994047078957493,0.00042994047078957493,0.00042994047078957493,0.0004299203418852999,0.0004299200420094349,0.0004299200420094349,0.000429894821914268,0.00042993878120312415,0.00042994330989514775,0.0004298527709886084,0.0004298527709886084,0.0004298857139471137,0.0004298954573356959,0.0004298954573356959,0.0004298954573356959,0.0004298954573356959,0.0004298954573356959,0.00042988747604176785,0.00042988627593599783,0.00042989497972111245,0.0004299827367453599,0.000429983263650204,0.00042998523487164587,0.00042999539895335957,0.0004299095136859461,0.0004299053700872514,0.0004299143001347384,0.0004299143001347384,0.0004300675563482552,0.0004299208957582559,0.0004299278062892727,0.0004299278062892727,0.0004298850409328487,0.00042985008225277134,0.000429807456629644,0.000429807456629644,0.0004298336015227752,0.00042988156058994454,0.00042988156058994454,0.00042989696380833515,0.00042989696380833515,0.00042991028393363326,0.00042995008745614493,0.00042995060197615785,0.00042996099137648764,0.0004299356585597803,0.00042991837070674877,0.00042997404819684323,0.00042997404819684323,0.00042995296603943876,0.0004299494682894373,0.0004299961066200322,0.0004300371896825691,0.0004300371896825691,0.000430019450556257,0.000430019450556257,0.0004300166375026113,0.0004300752158256239,0.00043002785111701203,0.0004298919499858859,0.00042994524061937744,0.00042994524061937744,0.00042994524061937744,0.00042994506153396785,0.00042994506153396785,0.00042994506153396785,0.00043000418963324584,0.00043005062786136567,0.0004299081452906739,0.00042984914773071714,0.00042984914773071714,0.00042980544596744517,0.0004298300773635582,0.0004298314847685634,0.00042984078034708585,0.0004298114633531366,0.0004298114633531366,0.0004298073575535741,0.0004298073575535741,0.0004298073575535741,0.0004298073575535741,0.0004298073575535741,0.0004298073575535741,0.0004298073575535741,0.0004298073575535741,0.0004298565325780791,0.0004298565325780791,0.0004298565325780791,0.0004298565325780791,0.0004298496900124526,0.000429838579766558,0.0004297929369060638,0.0004297929369060638,0.0004297929369060638,0.000429785200562613,0.00042970750945914207,0.00042970750945914207,0.00042970750945914207,0.00042970750945914207,0.00042970750945914207,0.00042970750945914207,0.0004298306134298391,0.00042995936064505114,0.0004299735798052997,0.0004299735798052997,0.0004299735798052997,0.0004299735798052997,0.0004299735798052997,0.0004299693581705685,0.0004299693581705685,0.0004299693581705685,0.0004299693581705685,0.00042983211119605714,0.00042983211119605714,0.0004298583825577503,0.0004298583825577503,0.0004298583825577503,0.00042991435837861323,0.00042991435837861323,0.0004298688349318612,0.0004298355396565235,0.000429816075786447,0.000429816075786447,0.0004298214303804772,0.000429933097974015,0.0004299401885452437,0.0004299401885452437,0.0004299401885452437,0.00043001996119454466,0.00043011238492039354,0.00043010821379330365,0.00043010821379330365,0.0004301032448471171,0.0004303063477129094,0.0004303063477129094,0.00043035115428003085,0.00043035115428003085,0.00043035115428003085,0.0004302904925840564,0.0004302904925840564,0.0004302904925840564,0.0004302904925840564,0.0004303157749849156,0.000430339345369356,0.0004302809258281345,0.0004302809258281345,0.0004302809258281345,0.0004302809258281345,0.000430248807288958,0.000430248807288958,0.00043022476936459346,0.00043022476936459346,0.00043011568542469813,0.0004300887334656743,0.00043009623906870877,0.00043008119687034475,0.00043002072627441147,0.00043011120944218983,0.00042994384578545444,0.0004299774774304002,0.0004299895076825937,0.00043004286706007576,0.00043003712950785423,0.00043003712950785423,0.00043004664766415956,0.0004301291461462514,0.00043013554987946797,0.0004301305586507237,0.00043009922621977694,0.0004300883989760812,0.00043012767782887575,0.0004301798697504502,0.00043024653645924737,0.00043022957123833096,0.0004302343975352194,0.0004302343975352194,0.00043018326066917667,0.00043018326066917667,0.0004301833887630616,0.00043019487721093975,0.0004302167583848047,0.00043022067279819686,0.0004302945302919934,0.0004302945302919934,0.0004303469334899175,0.0004303509917412636,0.00043032693921040067,0.00043034264708809156,0.00043022736088504704,0.00043022736088504704,0.00043025604404703106,0.00043025604404703106,0.00043021856708632094,0.0004302837890137783,0.0004302113007973891,0.00043010443975900704,0.00043012025844919866,0.0004301719649362734,0.0004301719649362734,0.0004301719649362734,0.000430146529137298,0.00043010624526822086,0.00043010624526822086,0.000430062877353649,0.00043005492636875365,0.00043004284140880076,0.0004300187323445522,0.00042999264870149814,0.0004300139236196424,0.0004300572972519616,0.00043003646225228133,0.00043021585775851234,0.0004299604370501732,0.0004298969414135202,0.0004298969414135202,0.00042995074663730284,0.00042995074663730284,0.00042980397848868995,0.0004298072502539707,0.0004297890986438736,0.0004297890986438736,0.0004298006971687498,0.00042979357881599555,0.00042979357881599555,0.00042979357881599555,0.00042979357881599555,0.00042979357881599555,0.000429836077269443,0.00042990662857205424,0.00042990662857205424,0.00042981995381614,0.00042975142101238915,0.00042975142101238915,0.0004296329997577721,0.0004295761086709278,0.0004295248301862374,0.0004295176233527473,0.0004295176233527473,0.00042951382025314705,0.00042954140756122736,0.00042953601629410425,0.00042953601629410425,0.0004295791569476804,0.00042959611792830907,0.0004296089179731504,0.0004296089179731504,0.0004296089179731504,0.00042970858269248774,0.0004297243882530017,0.00042981513908126035,0.00042981513908126035,0.0004296939789617203,0.0004296939789617203,0.0004297226361176969,0.0004297226361176969,0.00042961926639070855,0.0004295113960322314,0.00042952059768926014,0.00042952059768926014,0.00042952059768926014,0.00042952059768926014,0.00042951849046699676,0.00042951849046699676,0.00042945806050028346,0.00042945806050028346,0.00042946085684813465,0.00042946085684813465,0.00042946085684813465,0.00042946085684813465,0.00042946085684813465,0.0004294477828477518,0.00042946238569895116,0.000429512463676516,0.00042950893717885345,0.00042950632658041404,0.00042950632658041404,0.0004294979756555604,0.0004295424776074245,0.00042959259927956257,0.0004295498097292497,0.0004295498097292497,0.00042954747273095433,0.00042944668273857574,0.0004294474019984991,0.0004294474019984991,0.0004294474019984991,0.0004294474019984991,0.0004293996607290654,0.00042933344326364427,0.00042933344326364427,0.00042932694812700817,0.00042932694812700817,0.00042925896003693636,0.0004292858824597197,0.0004292726432279793,0.0004292726432279793,0.00042914431195047235,0.00042922118761339994,0.00042922118761339994,0.00042922490461056085,0.00042923836664280317,0.00042927566525230215,0.00042930156856262606,0.00042932907662633066,0.00042932907662633066,0.0004292952189897465,0.0004293505752367293,0.000429326381469724,0.000429326381469724,0.00042934890146681745,0.00042935688511150496,0.00042935688511150496,0.0004293419686854026,0.0004293419686854026,0.0004293848771259298,0.0004293848771259298,0.0004293865401569482,0.0004294910269884414,0.0004294910269884414,0.0004294910269884414,0.0004294910269884414,0.0004295010338103527,0.0004295010338103527,0.00042952166277272514,0.00042949560300804265,0.00042950186009644615,0.00042950186009644615,0.00042950186009644615,0.0004294488148447467,0.00042948214129972677,0.0004295053224235696,0.00042951875077323117,0.00042951875077323117,0.00042952262815022644,0.00042953679917144875,0.0004294770547166692,0.00042949415034615473,0.00042949415034615473,0.00042949415034615473,0.00042949415034615473,0.00042949415034615473,0.0004294969248041191,0.0004295568556123931,0.0004295568556123931,0.0004295568556123931,0.0004295482024835296,0.0004295427199416606,0.0004295857049158866,0.0004295857049158866,0.0004295857049158866,0.0004295857049158866,0.0004295857049158866,0.0004295857049158866,0.0004295857049158866,0.00042944844545635824,0.00042948199247832956,0.0004294901028417529,0.0004295368332153778,0.00042956721562748955,0.0004295147491420623,0.0004295257800962108,0.0004295388029960824,0.0004295388029960824,0.0004294969412082031,0.00042950800367375476,0.00042950800367375476,0.00042950800367375476,0.0004293351194613862,0.00042933353114479704,0.0004293137431140677,0.00042932215454391336,0.000429294407616646,0.00042925597568159544,0.00042925597568159544,0.00042925597568159544,0.00042921945787492146,0.00042921945787492146,0.00042921945787492146,0.00042922127644652927,0.0004291391085893374,0.0004291751628198405,0.0004290883153972308,0.0004290028663404387,0.00042883358300005084,0.00042883358300005084,0.00042879634789570867,0.00042881490396998764,0.00042885534471281565,0.00042885534471281565,0.000428858162635204,0.000428858162635204,0.000428858162635204,0.000428858162635204,0.000428858162635204,0.00042888637146587684,0.0004288381737722619,0.0004288381737722619,0.00042888919373460904,0.00042888919373460904,0.00042884424968830465,0.00042879742904871417,0.00042879742904871417,0.00042877810923574886,0.00042878454234125614,0.0004288073027922447,0.0004288157193881397,0.0004288157193881397,0.0004288316056151762,0.00042878576358488515,0.0004287264590405549,0.0004286932488868009,0.0004285850317005986,0.00042854900461177664,0.00042850428073758055,0.00042857726893713317,0.000428587119563955,0.000428587119563955,0.0004285899157254138,0.00042860228818064215,0.0004285694804283619,0.00042854262577257077,0.0004285645779596005,0.0004285645779596005,0.0004285645779596005,0.0004235650526629882,0.0004235650526629882,0.0004235650526629882,0.0004235190487557418,0.00042343872396922614,0.0004233962083844073,0.0004233962083844073,0.0004233998645410036,0.0004233998645410036,0.00042334581126036503,0.0004233551661437991,0.0004233551661437991,0.000423328413134802,0.00042330705421466714,0.00042330705421466714,0.00042330705421466714,0.000423259357382127,0.00042331036128411096,0.00042331036128411096,0.00042331036128411096,0.0004232950854812795,0.0004232950854812795,0.0004232714626186098,0.0004232714626186098,0.0004232714626186098,0.0004232714626186098,0.0004232714626186098,0.0004232714626186098,0.00042327781223257314,0.00042328498918709195,0.00042328498918709195,0.0004232194161357597,0.0004232194161357597,0.0004232171394824333,0.0004232171394824333,0.00042317029617275906,0.00042317029617275906,0.0004232867429303831,0.0004232867429303831,0.0004233111546352139,0.0004233111546352139,0.0004233111546352139,0.00042326278478648643,0.00042327449966492165,0.00042320564704619897,0.00042320564704619897,0.000423178116207429,0.00042320825133312386,0.0004231772369039222,0.00042326482730117973,0.0004232079003565415,0.0004231431063873787,0.00042314963455675073,0.00042313359504716856,0.0004230827060892662,0.00042312685829384763,0.00042306241450732233,0.00042304446096112563,0.000423011655119145,0.000423011655119145,0.000423011655119145,0.00042307783707586484,0.00042313818804347607,0.00042313818804347607,0.00042313818804347607,0.00042312736860855045,0.00042312736860855045,0.00042312736860855045,0.00042313620576671477,0.00042315256792367455,0.0004231812608717955,0.0004231812608717955,0.0004231812608717955,0.0004231812608717955,0.0004231755163491169,0.00042319446241055044,0.00042319446241055044,0.000423137469368775,0.00042307386932612974,0.0004230775020055924,0.0004230509041955983,0.0004230509041955983,0.00042293130962680107,0.00042291229946397505,0.00042289382711309934,0.00042288213788474233,0.00042288213788474233,0.0004228979012199639,0.0004228979012199639,0.0004228979012199639,0.0004228979012199639,0.00042286789305743714,0.00042287959291724723,0.0004228393527573599,0.0004228052748854098,0.00042272712854713807,0.00042272712854713807,0.00042272712854713807,0.00042272712854713807,0.00042272712854713807,0.00042278117673424904,0.0004228900056743066,0.00042299456615933165,0.00042299659983268984,0.00042299659983268984,0.0004229638223782835,0.0004229638223782835,0.00042298011609894143,0.00042301659186374136,0.00042301659186374136,0.00042301659186374136,0.00042297747756514395,0.00042297747756514395,0.00042297747756514395,0.00042292303437431374,0.00042292303437431374,0.00042291794370805097,0.0004229463962571081,0.00042294724718124115,0.0004229609609727836,0.0004229609609727836,0.0004229609609727836,0.0004229545722426509,0.0004229749703973524,0.0004229749703973524,0.0004229919320894552,0.00042293946683432873,0.00042293946683432873,0.00042293946683432873,0.00042293946683432873,0.00042293946683432873,0.00042293838758981743,0.00042293838758981743,0.0004228712772115431,0.0004228712772115431,0.000422912878818658,0.000422912878818658,0.000422912878818658,0.000422912878818658,0.00042288811751512925,0.00042285863255653674,0.00042285863255653674,0.0004229893627292219,0.0004230058091892735,0.0004230058091892735,0.0004230581256026264,0.0004230690320688923,0.00042297773142959587,0.00042302386104793084,0.00042305106606763425,0.0004230109255551658,0.0004230109255551658,0.0004230109255551658,0.0004230050487784663,0.0004230392552711932,0.00042303730909181873,0.00042303730909181873,0.00042304848215657934,0.00042304848215657934,0.00042304848215657934,0.00042320952681136175,0.00042320952681136175,0.0004233216454256866,0.000423306706683412,0.00042332644267065585,0.00042332644267065585,0.00042326861739176263,0.00042326861739176263,0.00042326861739176263,0.00042326861739176263,0.00042326227800444313,0.00042326227800444313,0.00042326227800444313,0.00042326227800444313,0.00042326227800444313,0.00042326227800444313,0.00042326227800444313,0.00042326227800444313,0.00042326227800444313,0.00042339669866441873,0.0004233904717112801,0.00042343469880304146,0.00042343081087258954,0.00042346724632267625,0.0004234982387063741,0.0004235002009202599,0.00042356835901923045,0.00042356835901923045,0.00042356835901923045,0.00042366779664434714,0.00042372441550826684,0.00042374595716814726,0.0004237508274633001,0.0004237274199547804,0.0004237236802930718,0.00042369587284787197,0.0004237951201556301,0.00042378629517222704,0.00042378629517222704,0.0004238004152450134,0.00042387126976524555,0.0004239080671853294,0.0004238804524967243,0.00042389211304613277,0.00042389211304613277,0.0004238885041489953,0.00042400367156241776,0.0004239983477607377,0.0004239983477607377,0.0004239823327535628,0.0004239823327535628,0.0004239823327535628,0.00042401170134175785,0.00042385398751286236,0.0004238493120099457,0.0004238493120099457,0.0004238493120099457,0.0004238796144334019,0.0004238796144334019,0.0004238796144334019,0.00042389556486821295,0.00042398761202969333,0.0004240306455322213,0.0004240167669288785,0.0004240167669288785,0.00042399405851341435,0.0004240922961758504,0.00042403083687091674,0.00042403083687091674,0.00042403083687091674,0.00042403083687091674,0.0004239170264045524,0.0004239170264045524,0.0004239170264045524,0.0004239170264045524,0.0004240096344855299,0.00042400774429958573,0.00042400774429958573,0.00042400774429958573,0.00042393060071491335,0.00042393060071491335,0.0004240118776344262,0.0004240118776344262,0.00042401551449246716,0.00042399384119168885,0.0004239573887997609,0.0004239670505036827,0.00042394644583328947,0.00042399709707834283,0.00042399709707834283,0.0004239378810714671,0.000423991132293619,0.00042398815510171655,0.00042400663537216714,0.00042399039150868426,0.00042414582724328083,0.00042414582724328083,0.00042414582724328083,0.00042414582724328083,0.000424227979662998,0.0004241445995477737,0.0004240994754392133,0.00042405027244503196,0.00042405027244503196,0.0004240119461547815,0.0004240119461547815,0.0004240491561918464,0.0004240491561918464,0.0004240556858437024,0.0004240556858437024,0.00042410006383665315,0.00042410006383665315,0.00042410006383665315,0.00042410006383665315,0.00042410006383665315,0.00042410006383665315,0.0004239771659466785,0.0004240045883612673,0.00042395820859884175,0.000423950457200197,0.000423950457200197,0.000423950457200197,0.000423950457200197,0.0004239125303105363,0.0004239125303105363,0.0004239125303105363,0.00042390960532863393,0.00042386573779024957,0.00042386573779024957,0.0004237931027824512,0.0004237501691460202,0.00042370421228359284,0.00042370421228359284,0.00042370421228359284,0.00042374057026550477,0.0004237298100542452,0.0004237298100542452,0.0004237345951737077,0.0004237034781797546,0.0004236281870041353,0.00042366570761074435,0.00042366570761074435,0.00042366570761074435,0.00042366570761074435,0.0004237285864475871,0.0004237285864475871,0.00042375493986895635,0.0004237595950211019,0.0004237595950211019,0.0004237595950211019,0.0004237357500313038,0.0004237279267397725,0.0004236665894830946,0.0004235374259023183,0.0004235374259023183,0.00042356530232810644,0.00042356505062261026,0.00042356505062261026,0.00042356505062261026,0.00042356505062261026,0.00042356505062261026,0.00042351612586119265,0.00042351612586119265,0.00042350445225671743,0.0004234804472754032,0.0004235696653058589,0.0004235696653058589,0.0004235696653058589,0.0004235696653058589,0.00042353015012958875,0.00042353015012958875,0.00042353015012958875,0.00042353015012958875,0.00042353133744819254,0.00042353133744819254,0.00042349083184615316,0.0004234852220554271,0.00042355253886304506,0.00042355253886304506,0.00042355253886304506,0.00042355253886304506,0.00042355581846685825,0.0004235483857411398,0.0004235483857411398,0.00042362484902450965,0.00042362484902450965,0.00042356766331869404,0.0004236539041805884,0.0004236539041805884,0.0004236566347585424,0.0004236566347585424,0.0004237390904380119,0.0004237743426022859,0.0004237743426022859,0.0004237743426022859,0.0004237743426022859,0.0004237755755728875,0.0004238788105207748,0.0004238788105207748,0.0004238788105207748,0.0004238788105207748,0.0004238788105207748,0.00042389451645270923,0.0004238438275401199,0.00042385504558617145,0.00042385504558617145,0.00042385504558617145,0.00042385504558617145,0.00042385504558617145,0.00042385036175271115,0.00042385036175271115,0.00042385036175271115,0.00042382093704426775,0.0004238239510413505,0.0004238239510413505,0.0004238239510413505,0.0004238239510413505,0.0004238239510413505,0.00042381190107804753,0.00042381190107804753,0.00042381190107804753,0.00042381190107804753,0.0004238365962659218,0.00042381647951954797,0.00042381647951954797,0.00042378165815846986,0.0004238018077462234,0.0004238018077462234,0.000423819543022766,0.0004238816671283258,0.0004238816671283258,0.00042395552275894226,0.0004239783129514874,0.0004239783129514874,0.00042395373995957216,0.0004239105340173292,0.00042396431248508054,0.00042398635628498166,0.0004239630882696254,0.0004239594616999373,0.00042393916400522387,0.00042382429469396525,0.0004238599794985253,0.0004238795849593044,0.0004238795849593044,0.0004239426357207076,0.0004239093280879505,0.000423904534946911,0.000423904534946911,0.000423904534946911,0.00042384085423305667,0.00042384085423305667,0.0004238059286576556,0.0004238059286576556,0.0004238059286576556,0.0004238570878536248,0.0004238570878536248,0.0004238570878536248,0.0004238570878536248,0.0004238570878536248,0.0004238570878536248,0.000423834747534021,0.0004237772173752315,0.0004237231468579052,0.0004236740877426097,0.00042372267573502536,0.00042370906976367366,0.00042370906976367366,0.00042365408593339097,0.00042365408593339097,0.0004236354208415916,0.00042369589140198323,0.0004237665503624583,0.00042379241366876416,0.00042376881760834,0.0004237704322690146,0.0004237208187711547,0.0004237208187711547,0.0004237208187711547,0.0004237208187711547,0.00042368267583108824,0.0004235963402592037,0.0004235963402592037,0.0004235963402592037,0.0004235537430093587,0.0004235537430093587,0.00042347835777450097,0.00042347835777450097,0.0004234397673764891,0.0004234397673764891,0.00042339839337519853,0.00042333370806519607,0.00042333370806519607,0.00042333370806519607,0.000423328076923676,0.000423328076923676,0.000423328076923676,0.00042337044461105994,0.00042329794624354695,0.00042329794624354695,0.00042329794624354695,0.00042329794624354695,0.00042327414752567176,0.00042335679315724643,0.0004232728365504323,0.0004231922834261524,0.00042317599628239206,0.00042317599628239206,0.00042324190055875407,0.0004231253829514415,0.0004231798573362831,0.00042311766456269235,0.00042311766456269235,0.0004231106314749567,0.0004231747315831482,0.00042313224990675973,0.0004230761153790596,0.00042309606098364855,0.00042306492890088635,0.0004231315228355754,0.0004231315228355754,0.00042309676604801075,0.0004231090642128898,0.00042311165278066437,0.00042309998591751004,0.00042303802588602687,0.0004230357654925098,0.00042304015144487277,0.00042304015144487277,0.00042302846804854295,0.00042302846804854295,0.00042302846804854295,0.0004230476094307132,0.0004230294382923821,0.00042307363244648694,0.00042306035774275757,0.00042306035774275757,0.00042306035774275757,0.00042306035774275757,0.000423058301581233,0.0004231272739962198,0.0004229560302782471,0.00042294919551748517,0.00042294919551748517,0.0004229038447013502,0.0004228245979499863,0.0004228590583655158,0.0004228590583655158,0.00042278620227900694,0.00042278620227900694,0.0004228541992779897,0.00042290077041625513,0.00042291475229704127,0.0004228699252378401,0.00042289999673267623,0.00042289999673267623,0.0004229370585452595,0.0004229370585452595,0.0004228977942059183,0.0004228977942059183,0.00042289710040567833,0.00042289710040567833,0.00042289710040567833,0.0004230329383000225,0.00042301401226873164,0.00042301401226873164,0.00042301401226873164,0.00042305540473993225,0.00042299559982676146,0.00042299559982676146,0.00042305687982374657,0.0004230852501470868,0.0004231274900821538,0.00042309175716487074,0.00042309175716487074,0.0004230262996762329,0.0004230500482893404,0.00042299120263564167,0.00042299120263564167,0.00042299120263564167,0.00042299120263564167,0.00042291591751247474,0.0004228221114344982,0.00042281059207989805,0.000422822771676779,0.0004228648810965177,0.000422815029249661,0.000422815029249661,0.0004228124548356406,0.0004228124548356406,0.00042284454889609196,0.00042282678412385494,0.0004228125016633139,0.0004228125016633139,0.0004228125016633139,0.00042281462630830305,0.00042283879866822366,0.00042283966279569956,0.00042283966279569956,0.0004228726402992272,0.0004228726402992272,0.0004228779908873041,0.00042300183918432516,0.0004229426650586873,0.0004228212414482734,0.0004228212414482734,0.0004228212414482734,0.0004228212414482734,0.0004228212414482734,0.00042278981679731513,0.00042279867234560036,0.00042279867234560036,0.0004228081046974655,0.00042275253134792094,0.0004227568159751202,0.00042271887597949536,0.000422732269902985,0.000422732269902985,0.0004227111568086302,0.00042270894648347904,0.0004227674753099047,0.0004227674753099047,0.0004227562678126421,0.000422744275608003,0.00042273623472136284,0.0004227751464720511,0.00042281018352335783,0.00042279820901499823,0.00042272735492977906,0.00042272735492977906,0.000422695903680187,0.000422695903680187,0.00042267354010509887,0.0004226805667460271,0.0004226805667460271,0.0004226805667460271,0.00042266323490291617,0.0004227314045921157,0.0004227062595139212,0.0004226979494736411,0.0004226979494736411,0.0004226978927194212,0.0004226978927194212,0.0004226978927194212,0.0004226978927194212,0.0004226938272822693,0.0004226938272822693,0.0004227188107230859,0.0004227111655861439,0.00042272191395995577,0.00042279995942905797,0.000422686008462727,0.0004226828573729309,0.0004226828573729309,0.00042273582620626143,0.00042273582620626143,0.0004226831760405984,0.0004226831760405984,0.0004227012418465634,0.0004227012418465634,0.00042271493949150237,0.00042271493949150237,0.00042271493949150237,0.0004227643366170569,0.0004227264240648833,0.00042270140483305547,0.0004226934421902005,0.0004226934421902005,0.00042267033128114454,0.00042271364528745543,0.00042272806203961415,0.0004226937574775956,0.0004226937574775956,0.000422707214890065,0.000422707214890065,0.0004227013002662631,0.00042274366078646336,0.00042273340212717174,0.0004227452132857941,0.0004227186314708526,0.0004227351890097232,0.0004228570269615209,0.0004228570269615209,0.00042283553117208964,0.00042283254248106776,0.00042275043302640917,0.00042273281719298233,0.0004226919044284117,0.00042269705184340894,0.00042269705184340894,0.00042269705184340894,0.0004228219339814699,0.0004228864878954451,0.0004228864878954451,0.0004228864878954451,0.00042284114921449696,0.0004227971930627197,0.0004227971930627197,0.0004228933109176562,0.0004229131443888297,0.0004229131443888297,0.0004229131443888297,0.0004229131443888297,0.0004229131443888297,0.00042296479898040366,0.0004229882469163429,0.00042296370713614125,0.0004229638594573995,0.00042292441797882135,0.00042292441797882135,0.00042292441797882135,0.00042293224928485767,0.00042293224928485767,0.00042293224928485767,0.00042293224928485767,0.0004229006536355143,0.00042296917039549446,0.00042296917039549446,0.0004230436254397148,0.0004230409633734013,0.0004230409633734013,0.00042310027483900354,0.00042314538160884,0.000423193053595169,0.0004232357052411361,0.0004232357052411361,0.0004232357052411361,0.0004232357052411361,0.00042316605913929946,0.00042316605913929946,0.00042322146169537073,0.00042315089677019517,0.00042315089677019517,0.00042321600886426373,0.0004232126286488672,0.00042321734301427745,0.00042321734301427745,0.0004232440812094171,0.0004232440812094171,0.0004233104452457274,0.00042333446125850197,0.0004232831177234983,0.00042336122876585573,0.0004232881481987641,0.0004232881481987641,0.0004233570805107945,0.0004233044800343894,0.00042334229854304565,0.0004233124110445138,0.0004232598125894234,0.00042321259327763125,0.00042321259327763125,0.00042321259327763125,0.00042321259327763125,0.0004231824822051928,0.0004232259605832013,0.0004231192350474719,0.0004231192350474719,0.00042310138542475337,0.00042310138542475337,0.0004230653789005841,0.0004229952491103269,0.0004230371727337766,0.0004230395521324247,0.0004230395521324247,0.00042307639892951647,0.00042307639892951647,0.0004231146235237259,0.0004231146235237259,0.0004231146235237259,0.00042310985352875767,0.0004231284095206979,0.00042318318744497137,0.0004232086587122436,0.0004232183085953493,0.0004232688687912171,0.0004232688687912171,0.0004232688687912171,0.0004233095671594877,0.0004233095671594877,0.00042333916440349435,0.0004233583038990943,0.00042334070212054516,0.00042331892525034303,0.0004233079135020334,0.0004233079135020334,0.0004232878028723744,0.0004233654736305897,0.0004233215217941217,0.0004234552149097732,0.0004234552149097732,0.0004234552149097732,0.00042346588460933846,0.00042345319523780185,0.00042345319523780185,0.0004235463783616839,0.0004235463783616839,0.0004235463783616839,0.0004235463783616839,0.00042352027973656533,0.00042351810890118907,0.00042351810890118907,0.00042349293892331456,0.00042349293892331456,0.00042349293892331456,0.0004233141582074243,0.0004233258122690436,0.0004233258122690436,0.0004233258122690436,0.0004233416777071048,0.0004233416777071048,0.00042338244023489664,0.00042337520258758704,0.00042337351263617337,0.0004233525513132673,0.00042334199768027876,0.00042334199768027876,0.00042334199768027876,0.00042326780126313376,0.00042336074348023415,0.00042336074348023415,0.00042343591427684043,0.0004234377911773916,0.0004234139956529091,0.0004234385057108872,0.0004234246354095418,0.0004234246354095418,0.00042338015741551465,0.00042338737588230386,0.00042338737588230386,0.0004234102461701222,0.0004234102461701222,0.0004234102461701222,0.0004234102461701222,0.0004235475881908015,0.00042360886198618405,0.00042361029717430783,0.00042362001149132117,0.0004235911799615297,0.0004235255750580879,0.0004235403346349657,0.0004235365259442954,0.0004235365259442954,0.0004235093855634668,0.0004234908362358108,0.0004234908362358108,0.0004235096844529895,0.0004235096844529895,0.0004235096844529895,0.0004235096844529895,0.000423528661743326,0.00042360359758240277,0.00042360359758240277,0.0004235430724338547,0.0004233453083337873,0.0004233453083337873,0.0004233453083337873,0.0004233453083337873,0.000423299435495442,0.0004232941505404571,0.00042326365401335904,0.00042332551822379754,0.00042332551822379754,0.00042332551822379754,0.00042332551822379754,0.0004233144289062732,0.00042334284614860393,0.00042331235222457027,0.00042334809285886305,0.0004233588297238538,0.00042328186098283534,0.0004232808805886182,0.000423277033559669,0.0004232449892953412,0.0004232710404614854,0.00042325448506113034,0.00042325448506113034,0.0004232673016842642,0.0004232673016842642,0.00042319198539477826,0.00042319198539477826,0.00042321393513090736,0.00042321393513090736,0.00042321393513090736,0.000423363359252032,0.00042342182910566357,0.0004232856527469949,0.0004232856527469949,0.0004232221821483238,0.0004231024450299387,0.0004231024450299387,0.0004231024450299387,0.0004230261567983426,0.0004230267305436374,0.00042303444725550957,0.0004231283951551575,0.0004231283951551575,0.0004231143083407247,0.00042318142425919463,0.00042314630987218954,0.0004230916306039045,0.0004230916306039045,0.0004230788916046931,0.00042299587870659177,0.00042299587870659177,0.00042299587870659177,0.00042297386153813206,0.0004229147384337823,0.00042283977572917403,0.0004229297162897077,0.0004229866475662211,0.0004229866475662211,0.0004229777847198772,0.0004229777847198772,0.0004230388632430218,0.00042309161009909587,0.00042309161009909587,0.00042309161009909587,0.00042304206311619147,0.00042297988667978784,0.0004229765959811296,0.0004229973407009567,0.00042294478947142825,0.00042300422101276066,0.0004228769328974661,0.0004229402517028132,0.00042297842435610414,0.0004229878125375522,0.0004229878125375522,0.0004229878125375522,0.0004229878125375522,0.00042300119913840634,0.000423062970032866,0.00042306072989385164,0.0004230944237562558,0.0004230944237562558,0.00042313735666296085,0.0004230455747812309,0.00042300420003076007,0.00042300420003076007,0.00042300420003076007,0.0004230055904075852,0.00042300417358049106,0.00042301151807060426,0.00042301151807060426,0.0004229917436244997,0.00042300364105629055,0.0004229704431212001,0.0004229148085998537,0.0004229148085998537,0.0004229137684235412,0.00042292127744462065,0.00042280248614430055,0.00042280248614430055,0.0004227293363726768,0.0004227293363726768,0.0004227293363726768,0.0004227561368233263,0.0004227561368233263,0.00042270579971489614,0.00042270579971489614,0.0004227580538979609,0.0004227580538979609,0.0004227580538979609,0.0004227580538979609,0.00042261612777783926,0.0004227828583784385,0.0004227828583784385,0.0004227824191683614,0.0004227440396848437,0.00042286168645519587,0.0004230293784627698,0.0004229973512727082,0.0004229748593379333,0.0004229543725851486,0.0004229098470885491,0.0004229098470885491,0.0004229098470885491,0.0004229098470885491,0.0004229031120168521,0.0004229031120168521,0.0004229130757253735,0.0004228678958411418,0.00042285052363577895,0.0004229686710648634,0.0004229686710648634,0.0004229686710648634,0.00042292666324296506,0.0004229277381710643,0.00042272891746310433,0.00042267851757349855,0.00042267851757349855,0.00042258009650408986,0.00042255317160543076,0.0004225307563985802,0.0004225582635933381,0.00042248409623153076,0.00042249493403644594,0.00042248026716542393,0.00042248026716542393,0.0004224060700130219,0.00042247847812397135,0.00042253386635696463,0.0004224644909480975,0.0004225348942951818,0.0004224821153101191,0.0004224390318554643,0.0004224390318554643,0.0004224390318554643,0.0004224327993140385,0.0004224327993140385,0.0004224327993140385,0.00042245206566561983,0.000422530706760411,0.000422530706760411,0.0004226198751381823,0.0004226198751381823,0.0004226198751381823,0.000422677783631699,0.0004225880559406411,0.00042261990457358195,0.00042261990457358195,0.00042261990457358195,0.00042261990457358195,0.0004226647289130311,0.00042266614365658666,0.00042251180764611604,0.00042251180764611604,0.0004224952297915062,0.0004224923765746297,0.0004225717899123422,0.0004225996861243985,0.0004225658566043174,0.0004225658566043174,0.00042257312024047126,0.0004225801518834337,0.0004225801518834337,0.00042264005731664075,0.00042264005731664075,0.0004226616167966168,0.00042272705776013247,0.0004227194516999367,0.0004227153325660758,0.0004226705354226698,0.00042262392654747444,0.0004226525459887633,0.0004226525459887633,0.0004226525459887633,0.0004226525459887633,0.0004226483408448042,0.0004226483408448042,0.0004226483408448042,0.0004226483408448042,0.0004226483408448042,0.0004226483408448042,0.00042268504171699613,0.00042261896447883413,0.00042261896447883413,0.0004226287095711994,0.0004226287095711994,0.0004226287095711994,0.000422612175910452,0.00042259098230106447,0.00042259098230106447,0.00042259098230106447,0.0004225769486087803,0.0004226487714917772,0.0004226487714917772,0.0004227022822408054,0.00042267594740524677,0.00042267594740524677,0.00042266814315406224,0.00042266814315406224,0.000422664622364104,0.000422664622364104,0.000422664622364104,0.000422664622364104,0.000422664622364104,0.0004226805378404032,0.00042265163060953797,0.00042265163060953797,0.0004226009751720338,0.0004226009751720338,0.0004226009751720338,0.0004226009751720338,0.00042260233915974684,0.0004225622678539131,0.0004225622678539131,0.0004225622678539131,0.00042255911100098946,0.0004226268321325453,0.0004225641510206854,0.00042259403176905113,0.0004225936375769123,0.00042254193235298314,0.00042254193235298314,0.00042254193235298314,0.00042254267786176296,0.0004225257866952738,0.0004225257866952738,0.000422521635052631,0.000422521635052631,0.0004225084782043321,0.00042250562557557354,0.00042250562557557354,0.00042250562557557354,0.0004224701220315839,0.0004224965446623798,0.0004224809264241794,0.0004225179119612084,0.00042252216660606054,0.0004225001055726079,0.0004224837274881549,0.00042248085299073353,0.0004224204265147681,0.00042246367521970023,0.00042246939923615506,0.00042246939923615506,0.0004224600677435086,0.0004224600677435086,0.000422561451102554,0.00042252601926426943,0.00042252601926426943,0.00042252601926426943,0.00042252601926426943,0.0004225108892700427,0.00042249652188128923,0.00042249193446288684,0.00042241540095355176,0.00042241540095355176,0.0004224209754916503,0.0004223994718593715,0.0004223996423470411,0.0004223996423470411,0.0004223996423470411,0.00042243370915027415,0.00042243370915027415,0.0004224688263505058,0.00042246172215909447,0.00042246172215909447,0.00042246172215909447,0.00042256177285965475,0.0004226197466853125,0.0004226197466853125,0.0004226197466853125,0.0004226197466853125,0.0004226197466853125,0.00042255201658524026,0.000422509817012603,0.00042244990520417673,0.00042244990520417673,0.00042244990520417673,0.0004225252991278527,0.0004225921696068522,0.0004225921696068522,0.000422530900600012,0.00042243179382530645,0.0004225027116597975,0.00042251454563920426,0.0004225000205848865,0.0004223794346687997,0.0004223794346687997,0.0004223794346687997,0.00042233772269335764,0.00042233772269335764,0.0004222048963844079,0.0004221738766499103,0.00042214608099110535,0.00042209601533056565,0.00042212881044810887,0.00042212881044810887,0.00042213478500675557,0.000422027804502246,0.00042206959963659847,0.00042195212645701024,0.0004219702075795365,0.00042197643189845484,0.00042193608972104616,0.00042193608972104616,0.0004219421993241412,0.0004219274850516121,0.0004219274850516121,0.0004219483685224619,0.00042193585665203844,0.00042193585665203844,0.0004219488621218285,0.00042189921367799716,0.00042185595057458433,0.00042185249732075994,0.00042185249732075994,0.00042185249732075994,0.00042185249732075994,0.00042185249732075994,0.00042174446457918355,0.0004217451088461352,0.0004217451088461352,0.00042174662439136454,0.000421765820884829,0.00042189019215321425,0.0004219485228737593,0.0004219485228737593,0.0004219485228737593,0.0004219485228737593,0.00042195643683751866,0.0004219799561910735,0.0004219799561910735,0.0004219799561910735,0.00042212142720395203,0.00042212142720395203,0.00042212142720395203,0.00042212142720395203,0.0004221736440989425,0.0004222072850471967,0.0004222072850471967,0.0004222072850471967,0.0004221879699823982,0.0004221079814935324,0.0004221079814935324,0.0004221079814935324,0.00042211380157352436,0.00042211380157352436,0.00042211932128410207,0.00042210646073111076,0.00042210646073111076,0.0004220462025837233,0.0004220462025837233,0.0004220462025837233,0.0004220110414052469,0.00042195002907106097,0.0004219181252666217,0.0004219181252666217,0.0004219181252666217,0.00042187388780315176,0.00042187388780315176,0.0004218597893784914,0.0004218588480355668,0.0004218989471573961,0.0004218571753406848,0.0004218571753406848,0.0004218571753406848,0.0004218571753406848,0.00042187269951581257,0.000421845566687096,0.0004218520619230505,0.0004218421133994489,0.0004217961281574742,0.00042182853844781846,0.00042182853844781846,0.00042177787402195336,0.00042177787402195336,0.00042174559513674274,0.00042191790842842206,0.0004218616680409824,0.00042187689033097356,0.00042191094599877026,0.0004219632904505381,0.0004219646868486619,0.00042201255790950715,0.0004220507426725914,0.00042206737559347514,0.0004221011056233782,0.0004220890747409878,0.0004222058190357674,0.0004221689326802641,0.00042212024151466737,0.0004220296248640369,0.0004220466329642702,0.00042199687309028437,0.00042199267552196003,0.00042199267552196003,0.0004220876685321693,0.0004220876685321693,0.0004220876685321693,0.00042194486267363966,0.0004219858605315743,0.000421995245837459,0.00042201441023088145,0.0004220215827536615,0.0004219609836645454,0.0004219609836645454,0.0004219609836645454,0.00042191998627460076,0.0004219107028217735,0.0004219107028217735,0.00042190917758871987,0.00042170417068411665,0.0004217365771445161,0.0004216127136743673,0.00042163634595785267,0.00042175584436279263,0.0004217630674640246,0.00042171192395979524,0.0004216864357901184,0.0004216289334415189,0.0004216289334415189,0.0004216289334415189,0.0004216289334415189,0.0004216537185266383,0.0004216537185266383,0.0004216537185266383,0.0004216537185266383,0.0004216684760442531,0.0004216442270394726,0.0004216991105138816,0.0004216991105138816,0.0004216991105138816,0.0004216991105138816,0.00042174778047943557,0.000421688960225933,0.000421688960225933,0.0004216576652736676,0.0004216576652736676,0.00042161892672359084,0.0004216055806838908,0.00042155427679617234,0.00042155427679617234,0.0004215778162971321,0.00042145247843857473,0.0004214884084678789,0.00042153566877725483,0.00042153566877725483,0.0004215200577039167,0.0004215200577039167,0.00042151356019194555,0.0004215200294817236,0.0004215200294817236,0.0004215200294817236,0.00042142322724360266,0.00042142322724360266,0.00042142322724360266,0.00042143114108612786,0.00042143114108612786,0.0004214211734905731,0.0004214071647239999,0.0004214377675535417,0.00042141011313473394,0.00042141011313473394,0.00042140634485383595,0.000421391062921431,0.000421367860173725,0.0004214472320670443,0.00042142454103027933,0.00042146170831154433,0.00042146170831154433,0.00042146170831154433,0.00042146170831154433,0.0004214162132363563,0.00042135861551022177,0.0004213420879415341,0.00042126741716998813,0.0004213309407916506,0.0004213309407916506,0.0004214166979436203,0.0004214056586549943,0.0004214030633357094,0.00042140938712852767,0.0004214108643430264,0.0004214108643430264,0.0004214154908025665,0.00042125087445566784,0.0004213386507565114,0.0004213386507565114,0.00042134808511933513,0.0004213816562789828,0.0004213816562789828,0.00042125172936221785,0.0004212416233658075,0.0004212416233658075,0.00042122867192082855,0.00042122867192082855,0.00042122987554686457,0.0004212843677369328,0.0004213115992218965,0.0004213127414572627,0.0004213127414572627,0.0004213127414572627,0.0004213127414572627,0.0004213169148449139,0.0004214483805765425,0.0004214483805765425,0.00042143726449031364,0.00042143943571240964,0.00042143943571240964,0.00042148090850085545,0.00042148568690661897,0.00042144970790121064,0.00042144515062678416,0.0004214117277887741,0.000421504225103632,0.000421504225103632,0.000421504225103632,0.00042158816181745037,0.00042149979943896114,0.00042156902136271065,0.0004215742305451399,0.0004215742305451399,0.0004215988861947683,0.0004216293991123166,0.00042159964887730387,0.00042162509121598774,0.00042162509121598774,0.0004216330132417378,0.0004216067471496248,0.0004216067471496248,0.0004216067471496248,0.0004216453640311709,0.0004216505721975664,0.0004216439720665564,0.00042165263277031814,0.00042164931313972147,0.00042164931313972147,0.000421640670999876,0.000421640670999876,0.00042162608810359254,0.0004215602052469499,0.0004215602052469499,0.0004215602052469499,0.00042161850623521663,0.00042161850623521663,0.00042167171123425913,0.00042164655527442444,0.00042164655527442444,0.00042164655527442444,0.0004216851312823487,0.0004216851312823487,0.00042170411565573733,0.00042170411565573733,0.00042165756083155473,0.0004217066911376771,0.0004216412626835085,0.0004216412626835085,0.0004215598761065778,0.0004215598761065778,0.0004215598761065778,0.0004215598761065778,0.0004215839708743808,0.0004215839708743808,0.00042156938359222846,0.00042156938359222846,0.00042156938359222846,0.00042156938359222846,0.0004216331320477878,0.0004216987206867787,0.0004216605778117994,0.0004216487998793607,0.0004216058257172627,0.0004216058257172627,0.0004216061364987012,0.0004216061364987012,0.0004216061364987012,0.00042151158264697413,0.00042159926236644236,0.00042159926236644236,0.00042159926236644236,0.0004215678318754005,0.0004215678318754005,0.0004215757835025439,0.00042156821418912465,0.00042156821418912465,0.00042156821418912465,0.000421599739701204,0.000421599739701204,0.0004214913917768109,0.0004214815549362546,0.0004215233430664544,0.00042155568018998187,0.00042155568018998187,0.00042155568018998187,0.0004215552670670805,0.0004215552670670805,0.00042148564209860143,0.0004215126558991609,0.00042156155743854024,0.00042153074865012256,0.0004216001962702101,0.00042165060454771644,0.00042165060454771644,0.00042165060454771644,0.0004216628987994391,0.00042158895171319315,0.00042158895171319315,0.00042160301979825835,0.000421589846341819,0.00042162452820808545,0.00042162452820808545,0.00042162452820808545,0.00042156388941759585,0.0004215312957029824,0.00042143741558608566,0.0004213509952496324,0.0004213231949640896,0.0004213231949640896,0.0004213292631404097,0.0004212921774806163,0.0004212921774806163,0.0004211612594088578,0.0004211612594088578,0.0004211612594088578,0.0004211612594088578,0.0004211612594088578,0.0004211612594088578,0.0004211612594088578,0.0004211635415949438,0.0004211714881401683,0.0004212589936296078,0.0004212722570926051,0.0004212638762106188,0.0004212638762106188,0.0004212634848018964,0.0004212634848018964,0.0004212716674245492,0.0004212708387394885,0.00042118388951315806,0.00042118388951315806,0.00042118388951315806,0.00042116373850199936,0.00042117754525857804,0.0004211164868666209,0.0004211164868666209,0.0004211164868666209,0.0004210605452753026,0.0004210617461297415,0.0004210617461297415,0.00042113655399955604,0.00042106536046698903,0.0004210810045657803,0.0004210979806976782,0.00042107018448456673,0.00042107018448456673,0.00042111029656693316,0.0004211657067068966,0.0004211214786220932,0.0004211214786220932,0.0004210909441629695,0.0004209802432688843,0.0004209802432688843,0.00042101279173981494,0.00042101279173981494,0.00042104730536341334,0.00042104398071017774,0.00042104398071017774,0.0004209416021764814,0.0004209416021764814,0.00042088012445219643,0.00042088012445219643,0.00042088012445219643,0.00042090284020604766,0.0004209356728309573,0.00042093900434104077,0.00042093900434104077,0.00042093900434104077,0.00042094086889604536,0.00042094086889604536,0.00042093361495816443,0.0004208232492274853,0.00042084486696816254,0.00042084486696816254,0.0004208769397770163,0.00042078836171151687,0.00042078836171151687,0.0004207695727185335,0.00042083966918149055,0.000420807050321841,0.0004207727966188722,0.00042071667112068384,0.0004207258223512184,0.00042071889024824165,0.00042071889024824165,0.00042071889024824165,0.0004207424183566269,0.00042081485679414815,0.00042081485679414815,0.0004208358219372498,0.0004208358219372498,0.0004208659518936992,0.0004208659518936992,0.00042084816909708684,0.000420828389412983,0.0004208526018543664,0.0004208526018543664,0.0004207999595682275,0.00042086993817167824,0.0004209654125319247,0.0004210626327330784,0.0004210295304381701,0.0004210295304381701,0.0004210198344470427,0.0004210261675426405,0.0004210261675426405,0.0004209410111543553,0.00042084129001947597,0.00042093373208738146,0.0004209446877607403,0.00042104116822398014,0.00042104116822398014,0.0004210219337389098,0.0004210642024148508,0.00042110821300620464,0.00042109301758150915,0.0004210708969260787,0.0004210708969260787,0.00042109297578604547,0.0004211290740486242,0.0004211290740486242,0.00042111823056837966,0.00042105578652541726,0.00042104661726309985,0.0004211372961277739,0.00042115840550595025,0.00042106867130193963,0.0004210883142521497,0.00042116982358481443,0.0004211844603253216,0.0004211844603253216,0.00042108177361940743,0.0004209980685295552,0.0004209980685295552,0.0004209980685295552,0.0004209085391383291,0.00042085516511622737,0.00042077988275074466,0.00042059975065891845,0.00042070016431954254,0.0004207933970088192,0.0004207182124188121,0.0004207182124188121,0.00042074123507799383,0.00042074123507799383,0.00042074123507799383,0.00042074123507799383,0.0004208047534754508,0.00042080456878023146,0.00042080456878023146,0.0004207305754010831,0.0004207305754010831,0.00042064272087664797,0.0004206295634246699,0.0004206295634246699,0.0004206816751897565,0.0004205452604166638,0.0004205452604166638,0.0004205452604166638,0.00042050885902760734,0.0004205117284089653,0.00042050123180408953,0.00042050123180408953,0.00042062747909905754,0.0004206182120866549,0.0004205351818399408,0.0004205336955825106,0.000420598955022576,0.00042060835894865573,0.0004205530793939158,0.00042033675718092153,0.00042035067597636847,0.0004203590411639541,0.0004203590411639541,0.0004202683692108304,0.0004202683692108304,0.00042030879660086225,0.00042028987808038636,0.00042030464724778535,0.00042030464724778535,0.00042026760078310446,0.0004202297293893396,0.0004202374224313949,0.00042024446769640863,0.00042024446769640863,0.00042024446769640863,0.00042025710346149333,0.00042032723444563675,0.0004203700085113439,0.00042020928242918204,0.00042008370613019736,0.00042008370613019736,0.00042008370613019736,0.00042008370613019736,0.00042004947786082863,0.00042001987574035387,0.00042001987574035387,0.00042001987574035387,0.00042001987574035387,0.00042010370498246304,0.0004201609705785171,0.0004201609705785171,0.0004201645697618426,0.0004201645697618426,0.00042015648492870183,0.00042015354873373346,0.00042015354873373346,0.00042014294515418536,0.00042014294515418536,0.00042014294515418536,0.00042014294515418536,0.00042014294515418536,0.00042014294515418536,0.00042022840495612725,0.0004202448926866005,0.00042030073758352884,0.00042030073758352884,0.00042030073758352884,0.00042030073758352884,0.0004202917778797236,0.0004202917778797236,0.0004202917778797236,0.0004202917778797236,0.0004202917778797236,0.00042015902414156405,0.00042015902414156405,0.00042015902414156405,0.00042015902414156405,0.00042015902414156405,0.00042019633299147794,0.00042027044453968196,0.0004202115697152229,0.0004202183313482872,0.0004202029909275755,0.0004202029909275755,0.0004202029909275755,0.00042024473705368584,0.0004202900512167753,0.0004202480866219508,0.00042021817038529694,0.0004202097433405676,0.0004202331012541848,0.0004202151790600459,0.00042020354789656564,0.00042014787467169065,0.00042014787467169065,0.0004200325495766292,0.0004200325495766292,0.0004200325495766292,0.0004200325495766292,0.0004200325495766292,0.00041997581295132323,0.00041997353828923136,0.00041998197098145327,0.0004199820007989001,0.0004199820007989001,0.0004199820007989001,0.00041997734061494254,0.0004200403900189199,0.0004200403900189199,0.0004200403900189199,0.0004200131431023112,0.0004200131431023112,0.0004200083804906999,0.000420047451577657,0.0004201138248923303,0.0004200829235335346,0.00042012889437073966,0.0004201494213199921,0.0004201494213199921,0.0004202122399774253,0.00042017623495682854,0.0004201414714196394,0.0004201414714196394,0.0004202532706255403,0.0004202532706255403,0.0004202020237827052,0.0004202020237827052,0.0004202084323707991,0.0004201076404130145,0.0004201076404130145,0.0004201076404130145,0.0004200850345964672,0.0004200917040566732,0.0004200990650070351,0.0004200872515965381,0.0004200872515965381,0.0004200889455088439,0.0004200889455088439,0.0004201283017742119,0.0004201088964150763,0.0004201088964150763,0.0004201088964150763,0.00042012101368545796,0.00042012082826690754,0.00042012082826690754,0.00042012082826690754,0.00042012082826690754,0.00042012082826690754,0.00042012082826690754,0.00042022178143231445,0.00042022178143231445,0.0004201580717366949,0.0004201580717366949,0.0004201966073102322,0.0004201966073102322,0.0004201966073102322,0.0004202292444809523,0.0004202292444809523,0.0004202292444809523,0.0004202292444809523,0.0004202349238769464,0.00042019938343231303,0.00042019938343231303,0.00042019938343231303,0.0004201304217520048,0.0004201548991282294,0.00042023413834812523,0.0004201291452332014,0.0004201475352151302,0.0004201475352151302,0.00042024048539306364,0.00042024048539306364,0.00042024048539306364,0.00042026281236554535,0.00042026281236554535,0.00042026281236554535,0.00042028996880005,0.00042028996880005,0.00042028996880005,0.00042028996880005,0.00042030114389919566,0.00042015548473114034,0.0004201914400766483,0.00042022626652131175,0.0004202089414292041,0.0004202000921998708,0.0004202000921998708,0.0004202000921998708,0.0004201952981188421,0.0004201893785174277,0.00042021401896209846,0.00042015181040890086,0.0004200991668366934,0.0004200991668366934,0.00042008652902778557,0.00042008652902778557,0.000420047498057391,0.0004200447206049577,0.0004200447206049577,0.00042004055977047167,0.00042004055977047167,0.0004200322553672128,0.00042006702280963253,0.00042006702280963253,0.00042006702280963253,0.0004201778927806234,0.0004201648203849722,0.0004201648203849722,0.00042017117357538773,0.0004201860568962458,0.0004201860568962458,0.0004201860568962458,0.0004201938702278775,0.00042022106513387244,0.0004202639538309934,0.00042031205561100365,0.00042031205561100365,0.0004203191203636719,0.0004203191203636719,0.0004202827674577994,0.0004202827674577994,0.0004203386295223937,0.0004203386295223937,0.0004205033943003142,0.0004205033943003142,0.0004205033943003142,0.0004205033943003142,0.0004205033943003142,0.0004204823316007162,0.0004204823316007162,0.00042052491347090544,0.0004205062796469811,0.0004205062796469811,0.0004205062796469811,0.0004205289004408526,0.00042044720725510713,0.00042041106683052135,0.00042042974355868207,0.00042042974355868207,0.0004204345131443635,0.00042036548730746496,0.00042036548730746496,0.00042036540462440046,0.00042036907247114646,0.00042030812886208505,0.00042030812886208505,0.0004201933031288318,0.00042019240123912944,0.00042017992016345044,0.00042014990278701374,0.0004202734962198808,0.0004202734962198808,0.0004202492916780049,0.00042007469842272253,0.00042007642295004014,0.0004200525159948642,0.0004201389049676875,0.0004201389049676875,0.0004201389049676875,0.0004201389049676875,0.0004201063195233981,0.0004201063195233981,0.0004201063195233981,0.0004201063195233981,0.0004201063195233981,0.0004201287159935297,0.00042012010971626473,0.0004201454351238351,0.0004201454351238351,0.0004200919618425735,0.0004200566965191264,0.00042005819957388705,0.00042009475255862434,0.00042009709372461187,0.00042009709372461187,0.00042013238219602714,0.00042013238219602714,0.00042013238219602714,0.00042013238219602714,0.00042010564205893005,0.00041993012362880896,0.00041993012362880896,0.00041993012362880896,0.00041993012362880896,0.0004199161670439228,0.0004199161670439228,0.000419854690672334,0.0004198616129110821,0.0004198584820876998,0.0004198584820876998,0.0004198584820876998,0.00041981536704317106,0.000419815354796556,0.0004198208589855986,0.0004198208589855986,0.00041980132264863717,0.0004198474222436302,0.0004198474222436302,0.00041989539021155934,0.000419876910475868,0.0004198574283236949,0.0004198574283236949,0.00041984039799702026,0.00041982551458067633,0.00041982551458067633,0.00041982551458067633,0.00041978375394823605,0.00041980756232988775,0.00041981102813952947,0.0004198458156581277,0.00042003911279287225,0.00042003911279287225,0.00042003911279287225,0.00042003911279287225,0.0004200134959535738,0.0004200200181312756,0.0004200188366247825,0.0004199668790377899,0.0004199668790377899,0.0004199527547204384,0.00042000004491142524,0.0004199917448313996,0.0004199917448313996,0.00041999316095636224,0.0004199770400556319,0.0004199422568995926,0.00041995784912566566,0.00041995784912566566,0.000420037196678998,0.000420037196678998,0.000420037196678998,0.00042009719694198125,0.000419950838966651,0.0004199395274060009,0.0004199395274060009,0.0004199395274060009,0.0004199395274060009,0.0004199297817400624,0.0004199297817400624,0.00042000406652172766,0.0004200168153789449,0.0004200168153789449,0.0004200168153789449,0.00041999890934161507,0.00041999890934161507,0.00041998112266449986,0.0004199060838124281,0.0004199060838124281,0.00041988406739955423,0.00041988406739955423,0.00041988406739955423,0.00041988406739955423,0.00041975054076765953,0.0004197498181402058,0.00041978329576476285,0.00041977755794073715,0.00041976918557472894,0.00041976193689400215,0.00041976193689400215,0.00041976909122374846,0.00041976909122374846,0.0004197319934436235,0.0004197019306680864,0.0004197118092789898,0.000419710479285043,0.00041963272530916876,0.00041955305769738867,0.00041955305769738867,0.00041955305769738867,0.00041958287378793165,0.00041958287378793165,0.00041958287378793165,0.0004196382444818705,0.0004196382444818705,0.00041965320871634876,0.000419615675317696,0.0004196349128344557,0.0004196349128344557,0.0004196349128344557,0.0004196349128344557,0.000419638543429566,0.0004197231925703017,0.0004196797693267444,0.0004196707029523719,0.0004196707029523719,0.00041962755896863077,0.00041962755896863077,0.0004196754060719888,0.0004196754060719888,0.00041962461822198023,0.0004196932541986877,0.0004196840335887471,0.0004196186913007994,0.0004197182501924413,0.0004196457626820644,0.0004196457626820644,0.00041961659657103594,0.0004196499445075673,0.0004196866118189025,0.0004196866118189025,0.00041963609678736207,0.0004197004075733468,0.0004196888072225246,0.00041974082550782403,0.00041974082550782403,0.00041974082550782403,0.0004198227228735745,0.00041979733442910124,0.00041982322065891724,0.00041986294664233165,0.00041986294664233165,0.00041986294664233165,0.00041986294664233165,0.00041981480374668175,0.00041981480374668175,0.0004198068194358206,0.0004198068194358206,0.00041976659105291664,0.00041975764125031504,0.00041976512968546815,0.0004198300838483659,0.0004198300838483659,0.0004197804367701481,0.0004197804367701481,0.0004197264954714736,0.0004197264954714736,0.0004197264954714736,0.0004197264954714736,0.0004197264954714736,0.0004197264954714736,0.00041970518297991093,0.0004197462729084312,0.0004197376796278912,0.0004197376796278912,0.0004197376796278912,0.0004197376796278912,0.00041981141575531475,0.00041981141575531475,0.00041981522255530327,0.00041981522255530327,0.00041981522255530327,0.00041983368203239187,0.00041978774424101243,0.00041973204384708425,0.0004196932650496184,0.00041971372939448784,0.00041970883526592357,0.00041962313472393236,0.00041960147792261123,0.00041960147792261123,0.00041960147792261123,0.00041960147792261123,0.0004196309543218588,0.0004196309543218588,0.0004196365259664014,0.0004196365259664014,0.0004196558987555192,0.00041969829324657257,0.00041969829324657257,0.0004196339251331486,0.0004194910750546879,0.0004194910750546879,0.0004194910750546879,0.0004194910750546879,0.0004194927227192809,0.0004195494493324295,0.000419517053201415,0.00041952345805026665,0.00041957621591625776,0.00041949145708477,0.00041949145708477,0.00041949145708477,0.0004195189345681766,0.0004195753634899972,0.0004195753634899972,0.0004195042711150983,0.0004194335681484092,0.00041952641796788966,0.00041952641796788966,0.0004195114719313959,0.0004195114719313959,0.0004194860836143751,0.0004194860836143751,0.00041949934827908145,0.0004194885756952586,0.0004194885756952586,0.00041950548244729997,0.00041952653492717914,0.00041952508418040675,0.00041952508418040675,0.00041952508418040675,0.00041952508418040675,0.00041952508418040675,0.00041957595445963263,0.00041949923854381994,0.00041949923854381994,0.00041949923854381994,0.00041949534688481735,0.00041949534688481735,0.00041949534688481735,0.00041949534688481735,0.00041949534688481735,0.0004195175618851546,0.0004195648273103439,0.0004195610602321122,0.000419529749260034,0.0004194722375631082,0.0004194722375631082,0.0004194722375631082,0.0004194909864014719,0.00041611881919682023,0.00041611881919682023,0.00041611881919682023,0.0004160644806881678,0.0004160644806881678,0.0004160243378572315,0.0004160243378572315,0.0004159920305873247,0.0004159920305873247,0.0004159920305873247,0.0004159920305873247,0.00041597404496988404,0.00041597404496988404,0.00041601755674144193,0.00041601755674144193,0.00041601755674144193,0.00041598161493449373,0.00041598343513911726,0.00041598343513911726,0.0004160532910728775,0.0004160532910728775,0.0004160532910728775,0.0004162346117723752,0.0004162346117723752,0.0004162346117723752,0.00041624601800262695,0.00041626822266943396,0.0004162376641088272,0.0004162376641088272,0.0004162558225242278,0.0004162558225242278,0.0004162558225242278,0.0004162558225242278,0.0004162629201411997,0.0004162536227985286,0.0004162536227985286,0.00041621381525581047,0.0004161741400867076,0.00041610359029145994,0.0004161263502560118,0.00041610578102749165,0.00041631355940349236,0.00041631355940349236,0.00041631355940349236,0.0004162999122588327,0.0004162999122588327,0.0004163013893914195,0.00041631115664069753,0.0004162654383467258,0.0004162654383467258,0.00041625632744343255,0.0004162532075696626,0.0004162532075696626,0.00041629567657023615,0.00041629026576650384,0.00041629026576650384,0.00041628374309377297,0.0004163383361023912,0.0004163383361023912,0.0004162726002452552,0.0004162726002452552,0.00041622249464155916,0.0004162097539949783
